learning evaluation instances,evaluation time (cpu seconds),model cost (RAM-Hours),classified instances,classifications correct (percent),Kappa Statistic (percent),Kappa Temporal Statistic (percent),Kappa M Statistic (percent),model training instances,model serialized size (bytes),Change detected,Warning detected
1000.0,0.023231609,1.774546638487114E-9,1000.0,63.9,22.40830854411335,23.51694915254237,8.375634517766505,1000.0,3024.0,0.0,10.0
2000.0,0.097082612,7.72577343877612E-9,2000.0,65.75,26.892002945665265,27.666314677930302,14.800995024875622,2000.0,3024.0,0.0,5.0
3000.0,0.13411122,1.071506002098115E-8,3000.0,66.96666666666667,29.813875747188302,30.407303370786508,18.166804293971907,3000.0,3024.0,0.0,5.0
4000.0,0.170967225,1.3691327845334178E-8,4000.0,68.075,31.885522873289467,31.856990394877265,20.187499999999996,4000.0,3024.0,0.0,12.0
5000.0,0.206477755,1.6561809473720687E-8,5000.0,67.94,31.69675986131757,32.16250528988574,20.16932270916334,674.0,3024.0,1.0,7.0
6000.0,0.227682993,1.827333838086161E-8,6000.0,68.53333333333333,32.73689580774154,32.883043014575186,20.971117622436168,1674.0,3024.0,0.0,6.0
7000.0,0.252266942,2.0256859373303334E-8,7000.0,68.7,32.66350120289849,33.626173886701004,20.50072568940494,2674.0,3024.0,0.0,10.0
8000.0,0.278519626,2.2375345874256968E-8,8000.0,69.0125,33.394305710195646,34.12171140047834,21.625039519443572,3674.0,3024.0,0.0,5.0
9000.0,0.304273142,2.445637639601404E-8,9000.0,69.15555555555557,33.75023169122262,34.218009478673,22.02247191011237,4674.0,3024.0,0.0,3.0
10000.0,0.329672704,2.65053359948616E-8,10000.0,69.26,33.86638091665155,34.67913302167446,22.098327420172314,5674.0,3024.0,0.0,7.0
11000.0,0.354395165,2.8504432885423297E-8,11000.0,69.7090909090909,34.69212858758525,35.50135501355013,22.745188963598416,6674.0,3024.0,0.0,9.0
12000.0,0.378623518,3.0463174284653113E-8,12000.0,69.86666666666666,35.15347548797787,36.338028169014095,23.47089947089948,7674.0,3024.0,0.0,4.0
13000.0,0.402962754,3.2428159899345284E-8,13000.0,70.01538461538462,35.37534688214169,36.7105049521026,23.493621197252203,8674.0,3024.0,0.0,9.0
14000.0,0.427303593,3.4396700493333234E-8,14000.0,70.2642857142857,36.117915004141665,37.40790858517516,24.542323726663025,9674.0,3024.0,0.0,6.0
15000.0,0.450553625,3.627760060158454E-8,15000.0,70.51333333333332,36.64688869332452,37.826820354231074,25.17340551514125,10674.0,3024.0,0.0,5.0
16000.0,0.470435218,3.78857510937357E-8,16000.0,70.72500000000001,37.13964165569676,38.433228180862265,25.780383457455248,11674.0,3024.0,0.0,3.0
17000.0,0.490029911,3.947041140458856E-8,17000.0,70.69411764705882,37.176663133870804,38.493827160493815,26.028210838901238,12674.0,3024.0,0.0,4.0
18000.0,0.509315936,4.102643701272084E-8,18000.0,70.79444444444445,37.311489276452726,38.693877551020414,25.947316523454024,13674.0,3024.0,0.0,7.0
19000.0,0.528541581,4.257782980834236E-8,19000.0,70.88947368421053,37.566284099031016,39.065770629062456,26.282820205251234,14674.0,3024.0,0.0,8.0
20000.0,0.547757368,4.413137003683174E-8,20000.0,71.035,37.911564975820575,39.38474416657948,26.689445709946856,15674.0,3024.0,0.0,7.0
21000.0,0.567605203,4.5722536179951074E-8,21000.0,70.88571428571429,37.565588979247416,39.055023923444985,26.159420289855063,411.0,3024.0,1.0,4.0
22000.0,0.587079651,4.7294368606571925E-8,22000.0,70.72727272727273,37.29854369052346,38.77162958737403,25.917404808466582,1411.0,3024.0,0.0,11.0
23000.0,0.606299983,4.884604868852222E-8,23000.0,70.76086956521739,37.358165400297885,38.97459165154265,26.033875934887803,2411.0,3024.0,0.0,13.0
24000.0,0.62538942,5.038992699523145E-8,24000.0,70.74583333333334,37.357859621292086,39.03794390900408,26.0246549362554,3411.0,3024.0,0.0,1.0
25000.0,0.644449945,5.193197983454498E-8,25000.0,70.78,37.48739307699945,39.256610676866785,26.316320355053463,4411.0,3024.0,0.0,6.0
26000.0,0.663492677,5.346928264798389E-8,26000.0,70.83461538461539,37.61714070041664,39.3554062699936,26.47144380878503,5411.0,3024.0,0.0,4.0
27000.0,0.682513136,5.500738546209823E-8,27000.0,70.8962962962963,37.74862546039144,39.41403238242098,26.601905473566234,6411.0,3024.0,0.0,5.0
28000.0,0.702330456,5.6610214100519396E-8,28000.0,70.97142857142858,37.891730897344914,39.52830890558738,26.76157866282214,7411.0,3024.0,0.0,5.0
29000.0,0.722089156,5.820826064939093E-8,29000.0,71.1103448275862,38.21198806144179,39.9125008965072,27.15416050778193,8411.0,3024.0,0.0,13.0
30000.0,0.741254204,5.975805575483168E-8,30000.0,71.08,38.17234105043139,39.9792459356624,27.165883143049026,9411.0,3024.0,0.0,12.0
31000.0,0.760150843,6.12864195375786E-8,31000.0,71.1258064516129,38.31272985639332,40.14310552360573,27.416477457022374,10411.0,3024.0,0.0,7.0
32000.0,0.780436767,6.292345437723522E-8,32000.0,70.990625,38.074926886946336,39.783341982355985,27.18644599576436,657.0,3024.0,2.0,5.0
33000.0,0.799427237,6.445921071531251E-8,33000.0,70.85757575757576,37.802413156853795,39.530935613682075,26.928044981384385,1657.0,3024.0,0.0,10.0
34000.0,0.818255268,6.59794536742299E-8,34000.0,70.75882352941176,37.56434241945269,39.31514374656656,26.659781646503383,2657.0,3024.0,0.0,8.0
35000.0,0.837087016,6.749949009128537E-8,35000.0,70.74285714285715,37.548003220250784,39.29333649513872,26.59498207885304,3657.0,3024.0,0.0,5.0
36000.0,0.855819241,6.901149334092936E-8,36000.0,70.72222222222221,37.5454122410992,39.303196084077165,26.58633419238001,4657.0,3024.0,0.0,0.0
37000.0,0.874692275,7.053443257023063E-8,37000.0,70.69459459459459,37.47414282732285,39.19358456707044,26.428280635092953,5657.0,3024.0,0.0,9.0
38000.0,0.89178694,7.191747690121333E-8,38000.0,70.62631578947368,37.40033248919113,39.098646879092094,26.430266279989457,6657.0,3024.0,0.0,6.0
39000.0,0.904032887,7.290770334224941E-8,39000.0,70.64871794871796,37.4955778309977,39.20548090711139,26.602975121826116,7657.0,3024.0,0.0,8.0
40000.0,0.916230423,7.389186944638068E-8,40000.0,70.5875,37.39509920961113,39.06039573189683,26.528445637919205,8657.0,3024.0,0.0,11.0
41000.0,0.929008913,7.491629859183604E-8,41000.0,70.54878048780488,37.36074366205735,38.92878818531255,26.52874961971402,195.0,3024.0,1.0,2.0
42000.0,0.942540147,7.600866307491023E-8,42000.0,70.54285714285714,37.33099144420848,38.82818294190357,26.41408433949919,1195.0,3024.0,0.0,8.0
43000.0,0.954738815,7.699334970455824E-8,43000.0,70.53255813953488,37.337173580628374,38.8406216816295,26.493792783385555,2195.0,3024.0,0.0,10.0
44000.0,0.966892735,7.797439908459576E-8,44000.0,70.59772727272727,37.48004885718007,39.07699552625383,26.640204139495317,3195.0,3024.0,0.0,5.0
45000.0,0.980009749,7.903544142525436E-8,45000.0,70.61333333333333,37.552341417808236,39.10761154855642,26.813880126182944,4195.0,3024.0,0.0,8.0
46000.0,0.992149808,8.001522121171364E-8,46000.0,70.64130434782608,37.603823298784405,39.1365090810762,26.861630111020844,5195.0,3024.0,0.0,3.0
47000.0,1.004272066,8.099373996259231E-8,47000.0,70.68510638297873,37.6811099496225,39.1941391941392,26.899405772495765,6195.0,3024.0,0.0,1.0
48000.0,1.016415362,8.197604286062842E-8,48000.0,70.69583333333334,37.708502807080905,39.15563630071806,26.895691492126183,7195.0,3024.0,0.0,6.0
49000.0,1.028573755,8.295918954819028E-8,49000.0,70.76530612244898,37.86223328072387,39.262242951028206,27.084393769724112,8195.0,3024.0,0.0,7.0
50000.0,1.041310442,8.398677832071773E-8,50000.0,70.746,37.799703413745156,39.20109734807548,26.985473967952878,649.0,3024.0,1.0,4.0
51000.0,1.053535744,8.497389318610853E-8,51000.0,70.70392156862745,37.6757221869276,39.07849133537206,26.78492674082423,1649.0,3024.0,0.0,7.0
52000.0,1.065685743,8.595683889013406E-8,52000.0,70.68461538461538,37.62919369431373,39.0288776897848,26.76787086856262,2649.0,3024.0,0.0,4.0
53000.0,1.077835541,8.693898882904609E-8,53000.0,70.64716981132075,37.52861147028823,38.91790019239074,26.600613352205716,3649.0,3024.0,0.0,6.0
54000.0,1.090005374,8.792290945237711E-8,54000.0,70.67407407407408,37.568174750237546,38.90432098765433,26.603633667037457,4649.0,3024.0,0.0,9.0
55000.0,1.102278997,8.891572943993536E-8,55000.0,70.66727272727272,37.55947090688709,38.89709502708024,26.624823759494227,5649.0,3024.0,0.0,2.0
56000.0,1.114546965,8.990809199149205E-8,56000.0,70.66964285714286,37.5567143958847,38.87234834387793,26.608579088471856,6649.0,3024.0,0.0,0.0
57000.0,1.130052584,9.116167597866515E-8,57000.0,70.66666666666667,37.552445799046204,38.85760257441673,26.589392342816996,607.0,3024.0,1.0,8.0
58000.0,1.145129069,9.238103377160514E-8,58000.0,70.69827586206895,37.601712702614,38.90865954922892,26.63500971292897,1607.0,3024.0,0.0,2.0
59000.0,1.159202632,9.351962663740542E-8,59000.0,70.64745762711865,37.485110480356596,38.82078637792773,26.500297088532392,400.0,3024.0,2.0,7.0
60000.0,1.171606453,9.452105308502293E-8,60000.0,70.63000000000001,37.46040347785175,38.77210659810292,26.50456687659007,1400.0,3024.0,0.0,7.0
61000.0,1.184097148,9.553117363565913E-8,61000.0,70.58032786885245,37.35520394564531,38.629368716230076,26.342144147102275,2400.0,3024.0,0.0,2.0
62000.0,1.197486887,9.661319610099827E-8,62000.0,70.53387096774195,37.29642074109101,38.54615177610334,26.287120723047135,470.0,3024.0,1.0,9.0
63000.0,1.210058621,9.763000035554999E-8,63000.0,70.50158730158729,37.2497156076365,38.50633665332054,26.233477553288598,1470.0,3024.0,0.0,3.0
64000.0,1.222138728,9.860541665534386E-8,64000.0,70.5140625,37.272956969981,38.5729631196901,26.23905565978737,2470.0,3024.0,0.0,7.0
65000.0,1.234228303,9.95830986943303E-8,65000.0,70.52615384615385,37.29754064848674,38.598121855068754,26.250144358470965,3470.0,3024.0,0.0,5.0
66000.0,1.246413556,1.0056642504865512E-7,66000.0,70.49545454545455,37.23693698414194,38.524434903396894,26.202296585439814,4470.0,3024.0,0.0,16.0
67000.0,1.258566247,1.015492867225243E-7,67000.0,70.49552238805971,37.26388529775133,38.56099456099457,26.274568306418537,5470.0,3024.0,0.0,8.0
68000.0,1.270623825,1.0252375730831591E-7,68000.0,70.50441176470589,37.27772243673782,38.599767342190674,26.28271096736256,6470.0,3024.0,0.0,6.0
69000.0,1.283206721,1.0353979768301879E-7,69000.0,70.43333333333334,37.10305679084123,38.464090730853925,26.075298039641996,999.0,3024.0,1.0,10.0
70000.0,1.295265254,1.0451287302197475E-7,70000.0,70.39428571428572,36.986486648072955,38.341614352444125,25.91427447896184,1999.0,3024.0,0.0,8.0
71000.0,1.307272219,1.054815633826227E-7,71000.0,70.35492957746479,36.894119062939254,38.237624343437304,25.808953119492408,2999.0,3024.0,0.0,8.0
72000.0,1.319275851,1.0645018358787937E-7,72000.0,70.33333333333334,36.820973354541294,38.17118707847281,25.696594427244584,3999.0,3024.0,0.0,4.0
73000.0,1.331336087,1.0742369587131881E-7,73000.0,70.33424657534246,36.812203063863265,38.14692105563807,25.665053375896747,4999.0,3024.0,0.0,6.0
74000.0,1.346254178,1.0862934769257698E-7,74000.0,70.34459459459458,36.840506441929186,38.15871047737134,25.731013943414105,113.0,3024.0,1.0,7.0
75000.0,1.361842873,1.098879059591662E-7,75000.0,70.31866666666666,36.79660698512372,38.177627193956894,25.682713494024163,1113.0,3024.0,0.0,5.0
76000.0,1.373881833,1.1085922742407565E-7,76000.0,70.32631578947368,36.824787343919894,38.195072487599,25.715603280740456,2113.0,3024.0,0.0,8.0
77000.0,1.385873137,1.1182856522632352E-7,77000.0,70.36493506493507,36.92904933273075,38.30701849248404,25.864197530864192,3113.0,3024.0,0.0,3.0
78000.0,1.398233284,1.128278469936819E-7,78000.0,70.40384615384615,37.02208221673204,38.410437009764685,25.94790530570345,4113.0,3024.0,0.0,1.0
79000.0,1.411347348,1.1388873213007429E-7,79000.0,70.44303797468355,37.1032208952142,38.453833785814076,26.018629998098973,5113.0,3024.0,0.0,4.0
80000.0,1.42428116,1.1493289403446229E-7,80000.0,70.44125,37.08823423568715,38.38557544490477,25.936482084690553,6113.0,3024.0,0.0,3.0
81000.0,1.43723869,1.1598114289621308E-7,81000.0,70.40246913580248,37.05081624104384,38.29562710730189,25.878060845906514,817.0,3024.0,1.0,14.0
82000.0,1.449340546,1.169580147806783E-7,82000.0,70.39756097560975,37.02268008420801,38.25766246979524,25.81522569603617,1817.0,3024.0,0.0,7.0
83000.0,1.46137996,1.1792994596231525E-7,83000.0,70.40963855421687,37.049486843381054,38.28835619880396,25.874505779736225,2817.0,3024.0,0.0,5.0
84000.0,1.474450467,1.189777855988199E-7,84000.0,70.42500000000001,37.0842571791343,38.38388848929786,25.93244089323516,191.0,3024.0,1.0,5.0
85000.0,1.486521345,1.199537557586759E-7,85000.0,70.42941176470589,37.10592278191861,38.36741699769507,25.977735893509262,1191.0,3024.0,0.0,5.0
86000.0,1.498542092,1.2092552339317488E-7,86000.0,70.44186046511628,37.117162049992714,38.398158245486485,25.951819161641765,2191.0,3024.0,0.0,3.0
87000.0,1.510587661,1.2189725343428762E-7,87000.0,70.43908045977012,37.12036380231108,38.371953703481836,25.97219423735646,3191.0,3024.0,0.0,4.0
88000.0,1.526233324,1.2316300145883323E-7,88000.0,70.37045454545454,36.98440910431531,38.21180596696604,25.78064956875693,373.0,3024.0,2.0,9.0
89000.0,1.544061432,1.2460534811827668E-7,89000.0,70.3741573033708,36.97339869575964,38.194135158575754,25.772760542762228,1373.0,3024.0,0.0,6.0
90000.0,1.56040577,1.2592450754763975E-7,90000.0,70.36444444444444,36.949746754453216,38.20347072588679,25.76470260792116,2373.0,3024.0,0.0,6.0
91000.0,1.572530162,1.2690292253695225E-7,91000.0,70.35934065934066,36.930162243029265,38.20052238464007,25.726952307522872,3373.0,3024.0,0.0,11.0
92000.0,1.584512783,1.2787188082478738E-7,92000.0,70.36739130434782,36.949538751807,38.250016987927246,25.751014516436534,4373.0,3024.0,0.0,1.0
93000.0,1.596495039,1.2883927208757033E-7,93000.0,70.39139784946236,37.01386042757013,38.27531326354487,25.85292296092845,5373.0,3024.0,0.0,11.0
94000.0,1.608474651,1.298060779900663E-7,94000.0,70.42234042553191,37.08986546344347,38.342980063424484,25.935693545379472,6373.0,3024.0,0.0,6.0
95000.0,1.620393689,1.3077024007334275E-7,95000.0,70.42526315789473,37.10002267521181,38.356224494273555,25.9676951858976,7373.0,3024.0,0.0,2.0
96000.0,1.632338812,1.3173433673117936E-7,96000.0,70.46354166666666,37.19228371081629,38.448346972887315,26.08378300878495,8373.0,3024.0,0.0,6.0
97000.0,1.644274731,1.3269788815089196E-7,97000.0,70.4639175257732,37.18414338679406,38.422851247662656,26.04543107898814,9373.0,3024.0,0.0,6.0
98000.0,1.656225866,1.336641272273619E-7,98000.0,70.49285714285715,37.243396065415126,38.48886430835338,26.10962054426984,10373.0,3024.0,0.0,9.0
99000.0,1.668165622,1.346300640860656E-7,99000.0,70.52222222222223,37.30333613654121,38.54528607829511,26.14329461189987,11373.0,3024.0,0.0,8.0
100000.0,1.680105995,1.3559399977588206E-7,100000.0,70.552,37.372050704016516,38.589869246971006,26.226920860786144,12373.0,3024.0,0.0,8.0
101000.0,1.692020356,1.365555396437232E-7,101000.0,70.59009900990098,37.4542017232452,38.69523042948836,26.336672949112184,13373.0,3024.0,0.0,5.0
102000.0,1.703956755,1.375191792196947E-7,102000.0,70.59411764705882,37.46428703449997,38.72147424765562,26.35171634827872,14373.0,3024.0,0.0,11.0
103000.0,1.715968487,1.3848890051764756E-7,103000.0,70.60582524271844,37.495403621340365,38.779471832409904,26.378756930259694,15373.0,3024.0,0.0,0.0
104000.0,1.727965917,1.3945885767545146E-7,104000.0,70.61923076923077,37.5278433997063,38.85008705397345,26.43135744209563,16373.0,3024.0,0.0,10.0
105000.0,1.739934775,1.4042692597443455E-7,105000.0,70.6352380952381,37.566954018759205,38.85980567122745,26.474305472755454,17373.0,3024.0,0.0,8.0
106000.0,1.751885113,1.413914188049569E-7,106000.0,70.65,37.58380201009939,38.90939794996662,26.460229287318292,18373.0,3024.0,0.0,6.0
107000.0,1.763837422,1.4235572439982463E-7,107000.0,70.6588785046729,37.59754073382334,38.90834792761237,26.478853449487126,19373.0,3024.0,0.0,7.0
108000.0,1.775790613,1.4332069487537786E-7,108000.0,70.66203703703704,37.601969499037175,38.90517141645135,26.501971700301564,20373.0,3024.0,0.0,4.0
109000.0,1.787797126,1.4429146091343433E-7,109000.0,70.66788990825688,37.61496942799141,38.911286470374684,26.511285799659806,21373.0,3024.0,0.0,6.0
110000.0,1.799819831,1.4526149578266685E-7,110000.0,70.67909090909092,37.65994390635839,38.9436819687648,26.616004186480417,22373.0,3024.0,0.0,2.0
111000.0,1.813198081,1.4634375270744176E-7,111000.0,70.69279279279279,37.69318099697673,39.01885802121996,26.66095542980814,23373.0,3024.0,0.0,2.0
112000.0,1.826861531,1.474462253114872E-7,112000.0,70.70446428571428,37.723556301608845,39.03227604660238,26.702260745241713,24373.0,3024.0,0.0,9.0
113000.0,1.845314267,1.489391062233143E-7,113000.0,70.71238938053096,37.74602699019087,39.035847179751684,26.722610929058543,25373.0,3024.0,0.0,7.0
114000.0,1.863776129,1.5042878995168139E-7,114000.0,70.73684210526315,37.794945341739236,39.08073263819141,26.777875329236167,26373.0,3024.0,0.0,3.0
115000.0,1.876822615,1.5147470386671948E-7,115000.0,70.71478260869564,37.74158966080237,39.03441284553139,26.743958410371288,503.0,3024.0,1.0,4.0
116000.0,1.889204655,1.5246735031056332E-7,116000.0,70.6801724137931,37.672182374265915,38.97073337041756,26.68146934552041,965.0,3024.0,1.0,1.0
117000.0,1.901187396,1.5343644229978125E-7,117000.0,70.69572649572649,37.70375491039605,39.02326243152878,26.722092799589646,1965.0,3024.0,0.0,7.0
118000.0,1.913177418,1.5440624720555844E-7,118000.0,70.67881355932202,37.665172295554754,38.98959619114793,26.65818759936406,2965.0,3024.0,0.0,3.0
119000.0,1.925212401,1.553777459534983E-7,119000.0,70.69243697478991,37.692062777035865,39.0034454413488,26.68488543199497,3965.0,3024.0,0.0,3.0
120000.0,1.937053726,1.5633385713450826E-7,120000.0,70.69666666666666,37.70679750571277,38.994812720112414,26.70807453416149,4965.0,3024.0,0.0,8.0
121000.0,1.949310085,1.5731642795287288E-7,121000.0,70.69256198347107,37.69236069773555,38.990107526881715,26.69808590681714,470.0,3024.0,1.0,5.0
122000.0,1.961123875,1.5827161170295346E-7,122000.0,70.67295081967214,37.634513967095494,38.94889514546541,26.638781242951765,1470.0,3024.0,0.0,7.0
123000.0,1.972946791,1.592258449746814E-7,123000.0,70.6430894308943,37.570314671195376,38.88531582154221,26.564438388481015,2470.0,3024.0,0.0,8.0
124000.0,1.984722474,1.6017636353220593E-7,124000.0,70.63145161290323,37.540067228285196,38.87713997985902,26.528265343178802,3470.0,3024.0,0.0,4.0
125000.0,1.99652459,1.6113084765828533E-7,125000.0,70.612,37.50304350906069,38.85550691589406,26.49030476457287,4470.0,3024.0,0.0,15.0
126000.0,2.008284254,1.620815091161617E-7,126000.0,70.61587301587302,37.51324365830458,38.877057434830704,26.504684770525667,5470.0,3024.0,0.0,2.0
127000.0,2.02007099,1.630345786431122E-7,127000.0,70.61023622047244,37.4968264008743,38.84756537125631,26.482174512507388,6470.0,3024.0,0.0,4.0
128000.0,2.031854259,1.6398756292395923E-7,128000.0,70.62031250000001,37.52433907561435,38.846066282889396,26.523514585490716,7470.0,3024.0,0.0,6.0
129000.0,2.04366524,1.6494095513643085E-7,129000.0,70.63875968992248,37.56649838117258,38.888978524984275,26.568437378829007,8470.0,3024.0,0.0,10.0
130000.0,2.055493244,1.6589755740748106E-7,130000.0,70.63615384615385,37.56159465161535,38.88017164083515,26.560726447219086,9470.0,3024.0,0.0,7.0
131000.0,2.067281086,1.668509115345156E-7,131000.0,70.65572519083969,37.609756255903704,38.913696387992815,26.632312243534685,10470.0,3024.0,0.0,4.0
132000.0,2.079066236,1.6780404794321714E-7,132000.0,70.69318181818181,37.68597026675995,39.00093032056638,26.71629915889974,11470.0,3024.0,0.0,5.0
133000.0,2.090837875,1.6875587237171214E-7,133000.0,70.70075187969925,37.70307205322944,39.02007730466489,26.728465863151772,12470.0,3024.0,0.0,4.0
134000.0,2.102599343,1.6970709347374123E-7,134000.0,70.72388059701493,37.75418471530998,39.05735412912446,26.796044038066803,13470.0,3024.0,0.0,5.0
135000.0,2.114355662,1.7065758184269077E-7,135000.0,70.72444444444444,37.76546546292076,39.07789064788124,26.828726417714254,14470.0,3024.0,0.0,2.0
136000.0,2.126155285,1.7160983744284765E-7,136000.0,70.73529411764706,37.777259724979615,39.10928200969969,26.811327694005165,15470.0,3024.0,0.0,2.0
137000.0,2.138796654,1.726325354160369E-7,137000.0,70.69124087591241,37.690039534068774,39.01149809377705,26.67859686284535,690.0,3024.0,2.0,5.0
138000.0,2.150776351,1.7359954652439186E-7,138000.0,70.68115942028984,37.674613495017404,38.997361477572554,26.6763320043494,1690.0,3024.0,0.0,5.0
139000.0,2.162621792,1.745556468305551E-7,139000.0,70.68057553956835,37.67063097816886,38.98279708343939,26.663187633837786,2690.0,3024.0,0.0,6.0
140000.0,2.174450052,1.7551016454010172E-7,140000.0,70.67857142857143,37.669629008200204,38.972719839441,26.65058518717055,3690.0,3024.0,0.0,6.0
141000.0,2.187021253,1.7652518251773388E-7,141000.0,70.62056737588652,37.54405032135753,38.838936380682405,26.481027934547246,837.0,3024.0,2.0,5.0
142000.0,2.19957809,1.7753184213068754E-7,142000.0,70.62676056338029,37.55768814942162,38.84343567637313,26.4957264957265,70.0,3024.0,1.0,11.0
143000.0,2.211611437,1.7850495211582634E-7,143000.0,70.60839160839161,37.52451079220285,38.812944927283056,26.448971020579577,1070.0,3024.0,0.0,5.0
144000.0,2.223554399,1.794703821088788E-7,144000.0,70.59652777777778,37.50387485766809,38.76845652142474,26.419783122480183,2070.0,3024.0,0.0,10.0
145000.0,2.235789373,1.804580247106238E-7,145000.0,70.58344827586207,37.47481397831892,38.72696191803255,26.367214473139068,647.0,3024.0,1.0,3.0
146000.0,2.248209235,1.8145984658588555E-7,146000.0,70.54794520547945,37.40595854711142,38.65730833975293,26.29666449556068,255.0,3024.0,2.0,8.0
147000.0,2.26043241,1.8244610668651555E-7,147000.0,70.52108843537414,37.362384165422064,38.595173654900734,26.23246629443007,776.0,3024.0,1.0,12.0
148000.0,2.272296494,1.8340565151951175E-7,148000.0,70.50405405405405,37.33158462087254,38.59074092309424,26.22025419145484,1776.0,3024.0,0.0,12.0
149000.0,2.284101589,1.8436022997783291E-7,149000.0,70.49798657718121,37.32170647308266,38.580410786642446,26.200389497011617,2776.0,3024.0,0.0,5.0
150000.0,2.295880556,1.8531257379609265E-7,150000.0,70.49266666666666,37.31366909129047,38.55625737488721,26.17876144570277,3776.0,3024.0,0.0,7.0
151000.0,2.307646894,1.8626401830273372E-7,151000.0,70.48278145695365,37.29309831411248,38.53801814721864,26.1543814304886,4776.0,3024.0,0.0,6.0
152000.0,2.321186199,1.8735706237148082E-7,152000.0,70.46381578947368,37.24779490374893,38.51684470008216,26.10484733766768,862.0,3024.0,1.0,4.0
153000.0,2.333063023,1.88317662172094E-7,153000.0,70.46209150326797,37.237571139491955,38.513761717527665,26.090014064697627,1862.0,3024.0,0.0,13.0
154000.0,2.344856039,1.892693357589924E-7,154000.0,70.43961038961038,37.18909219198486,38.480769750533796,26.047403219780023,2862.0,3024.0,0.0,10.0
155000.0,2.361883426,1.9064376536359807E-7,155000.0,70.4458064516129,37.193480657472236,38.484986839984956,26.038168431929737,3862.0,3024.0,0.0,8.0
156000.0,2.380684263,1.9216453630350947E-7,156000.0,70.43846153846154,37.177933435903924,38.49067676794622,26.015529743951742,596.0,3024.0,1.0,9.0
157000.0,2.393939733,1.932363669207734E-7,157000.0,70.44267515923566,37.18539869482756,38.4622525162779,26.024230830543598,1596.0,3024.0,0.0,3.0
158000.0,2.40574751,1.9418925612927107E-7,158000.0,70.44873417721519,37.19410617532121,38.465694931337154,26.019995880404977,2596.0,3024.0,0.0,2.0
159000.0,2.417901864,1.9516359907613655E-7,159000.0,70.46477987421383,37.22582476997139,38.48521764189623,26.061970589161433,41.0,3008.0,1.0,4.0
160000.0,2.429763387,1.9612281403688302E-7,160000.0,70.48375,37.26051030266132,38.49419793443862,26.084642834783704,1041.0,3024.0,0.0,9.0
161000.0,2.44158471,1.9707914509528214E-7,161000.0,70.4639751552795,37.214721955159504,38.4482959472928,26.027844753830585,2041.0,3024.0,0.0,12.0
162000.0,2.45337346,1.9803247506551446E-7,162000.0,70.47777777777777,37.24198475984151,38.47717303214685,26.059800253548122,3041.0,3024.0,0.0,1.0
163000.0,2.465173657,1.9898699936846272E-7,163000.0,70.46625766871165,37.21464413340115,38.467437847510695,26.023818670764488,4041.0,3024.0,0.0,4.0
164000.0,2.47730372,1.9996793056122753E-7,164000.0,70.45243902439024,37.180098239661525,38.43241388948887,25.991202883499305,202.0,3024.0,1.0,3.0
165000.0,2.489153821,2.0092622185025987E-7,165000.0,70.43030303030304,37.12056247633966,38.391019408281046,25.92536361704066,1202.0,3024.0,0.0,6.0
166000.0,2.500963065,2.0188101360082008E-7,166000.0,70.41867469879519,37.09283183509174,38.391568910356945,25.887076082527134,2202.0,3024.0,0.0,5.0
167000.0,2.512778187,2.0283481343618908E-7,167000.0,70.41137724550897,37.07630007712641,38.36241845148252,25.871975277156867,3202.0,3024.0,0.0,9.0
168000.0,2.524578682,2.0378738363238883E-7,168000.0,70.41547619047618,37.08269084453892,38.360224721888066,25.877650848569818,4202.0,3024.0,0.0,5.0
169000.0,2.536368675,2.0473891087158069E-7,169000.0,70.42426035502959,37.101443877962744,38.37779859946741,25.91598980257308,5202.0,3024.0,0.0,9.0
170000.0,2.548167285,2.0569325796430105E-7,170000.0,70.41764705882353,37.090254151770516,38.35801137477937,25.910102096439157,6202.0,3024.0,0.0,1.0
171000.0,2.560529673,2.066906485031773E-7,171000.0,70.40526315789474,37.06819980238002,38.329271264928096,25.869014311453565,758.0,3024.0,2.0,9.0
172000.0,2.572484232,2.0765674380632532E-7,172000.0,70.3953488372093,37.05186812047485,38.31916079172421,25.855817813824128,1758.0,3024.0,0.0,3.0
173000.0,2.584911062,2.086593334896635E-7,173000.0,70.39537572254335,37.06233867977769,38.331125827814574,25.88991144295884,2758.0,3024.0,0.0,2.0
174000.0,2.59825884,2.097387109591543E-7,174000.0,70.40057471264369,37.087114112593724,38.3492937514963,25.9258726574523,967.0,3024.0,1.0,3.0
175000.0,2.611287883,2.1079263727815202E-7,175000.0,70.416,37.123385205819936,38.37106873318573,25.960672148730783,1967.0,3024.0,0.0,8.0
176000.0,2.623447177,2.1177540385298431E-7,176000.0,70.42443181818182,37.14313353497247,38.39517131191196,25.981172857061598,2967.0,3024.0,0.0,9.0
177000.0,2.635268814,2.1273102632978517E-7,177000.0,70.43559322033899,37.164454706007724,38.409660675823595,25.988628649015627,3967.0,3024.0,0.0,6.0
178000.0,2.647063233,2.1368254462830308E-7,178000.0,70.4561797752809,37.21076785814436,38.470538681143836,26.028245090868175,4967.0,3024.0,0.0,6.0
179000.0,2.658831561,2.1463242078773262E-7,179000.0,70.46368715083798,37.21457358090298,38.46816335556254,26.01972993773174,5967.0,3024.0,0.0,1.0
180000.0,2.670914608,2.1560909977265943E-7,180000.0,70.43166666666667,37.141734050591644,38.39574049424158,25.93412098693275,580.0,3024.0,1.0,9.0
181000.0,2.682746409,2.1656586220710227E-7,181000.0,70.43149171270719,37.13015332068122,38.41382722868551,25.904748719368676,1580.0,3024.0,0.0,9.0
182000.0,2.694562775,2.1751917554166166E-7,182000.0,70.43076923076923,37.12800655474967,38.42069730985319,25.904916633393444,2580.0,3024.0,0.0,4.0
183000.0,2.706656848,2.1849752169275655E-7,183000.0,70.40601092896175,37.080432591759845,38.37391898042786,25.845850505935676,526.0,3024.0,1.0,15.0
184000.0,2.71878411,2.194782263748865E-7,184000.0,70.38913043478261,37.04479462356261,38.344894702893555,25.805485197592404,959.0,3024.0,1.0,4.0
185000.0,2.730672297,2.204397698209766E-7,185000.0,70.40108108108109,37.075639017162445,38.37791607116734,25.84738303202655,1959.0,3024.0,0.0,6.0
186000.0,2.742716954,2.2140536886106762E-7,186000.0,70.39516129032258,37.07640095690597,38.361224604018595,25.866339966073408,506.0,3024.0,1.0,5.0
187000.0,2.754520519,2.2236011674590202E-7,187000.0,70.38823529411765,37.061809408202336,38.35071976486568,25.84170349537968,1506.0,3024.0,0.0,11.0
188000.0,2.766338512,2.2331615395265114E-7,188000.0,70.39627659574468,37.09001477479224,38.35972975966331,25.882274603808764,2506.0,3024.0,0.0,3.0
189000.0,2.778127828,2.2426752895670425E-7,189000.0,70.38571428571429,37.07647123847547,38.34231137843286,25.868188922147745,3506.0,3024.0,0.0,4.0
190000.0,2.789920121,2.2521965671223898E-7,190000.0,70.39315789473685,37.09740974194864,38.37381273211294,25.899043654661867,4506.0,3024.0,0.0,7.0
191000.0,2.801733034,2.261753318596507E-7,191000.0,70.40104712041885,37.106707947644054,38.38860493248618,25.89203785753611,5506.0,3024.0,0.0,5.0
192000.0,2.81353081,2.2712702331817397E-7,192000.0,70.39583333333333,37.100392266771344,38.400182068427384,25.90758000391058,6506.0,3024.0,0.0,3.0
193000.0,2.825333139,2.2808147581807648E-7,193000.0,70.41658031088083,37.14145106613082,38.44561596429379,25.958969836864892,7506.0,3024.0,0.0,6.0
194000.0,2.837126047,2.290349955964937E-7,194000.0,70.42577319587629,37.15861970891993,38.465003539329444,25.969987484032465,8506.0,3024.0,0.0,1.0
195000.0,2.848921067,2.2998731912313442E-7,195000.0,70.42820512820512,37.16217319921788,38.472290390730016,25.968957415942363,9506.0,3024.0,0.0,3.0
196000.0,2.860719246,2.309417778592888E-7,196000.0,70.42704081632654,37.156970607487416,38.47337805706523,25.94386027673794,10506.0,3024.0,0.0,4.0
197000.0,2.873052347,2.3193706078597447E-7,197000.0,70.43553299492386,37.17700705202163,38.5016630589726,25.975164910586034,11506.0,3024.0,0.0,13.0
198000.0,2.885659817,2.3295472016067347E-7,198000.0,70.4510101010101,37.20649807760631,38.5236944415257,25.99577530704916,12506.0,3024.0,0.0,3.0
199000.0,2.89764173,2.3392372038839797E-7,199000.0,70.46180904522613,37.227186430090896,38.545097178224545,26.011378798177372,13506.0,3024.0,0.0,8.0
200000.0,2.910492409,2.349539367994521E-7,200000.0,70.44550000000001,37.19652938048708,38.5030743781017,25.988856194828795,143.0,3024.0,1.0,15.0
201000.0,2.924110519,2.36053004679417E-7,201000.0,70.4995024875622,37.33453467113085,38.62269560806965,26.190920746355978,934.0,3024.0,1.0,12.0
202000.0,2.937445446,2.3712952147302112E-7,202000.0,70.58564356435643,37.547853947533625,38.81600626081226,26.474118622464758,1934.0,3024.0,0.0,2.0
203000.0,2.949746943,2.38124698040475E-7,203000.0,70.68128078817733,37.78293969195242,39.029462383215865,26.784352318858396,2934.0,3024.0,0.0,1.0
204000.0,2.9619627,2.3911223045285374E-7,204000.0,70.77254901960785,38.012931149042714,39.25340288532073,27.100221301152967,3934.0,3024.0,0.0,3.0
205000.0,2.97443125,2.401118122517648E-7,205000.0,70.84341463414634,38.19972904005919,39.404292419833936,27.368945488127938,200.0,3024.0,2.0,4.0
206000.0,2.986433989,2.4108284449107527E-7,206000.0,70.92621359223301,38.40784095131627,39.595162933303754,27.65443432464426,1200.0,3024.0,0.0,1.0
207000.0,2.998396065,2.420505870575913E-7,207000.0,71.00772946859904,38.60510128150225,39.786693956997674,27.912842934704273,2200.0,3024.0,0.0,0.0
208000.0,3.010333115,2.430158108987535E-7,208000.0,71.0875,38.80492608439364,39.955069642054816,28.18400028660482,3200.0,3024.0,0.0,2.0
209000.0,3.022698878,2.4401598177161686E-7,209000.0,71.14306220095695,38.94417252881174,40.06479374322995,28.382791255506884,596.0,3024.0,2.0,7.0
210000.0,3.034936406,2.4500395717394223E-7,210000.0,71.20714285714286,39.10897884687804,40.213575913383096,28.616122024933883,648.0,3024.0,1.0,7.0
211000.0,3.046986511,2.459786717308995E-7,211000.0,71.29810426540284,39.32946889660571,40.41558850441267,28.90566303531179,1648.0,3024.0,0.0,3.0
212000.0,3.058959583,2.4694499938651293E-7,212000.0,71.3745283018868,39.513892479538356,40.58605261354403,29.15397097794746,2648.0,3024.0,0.0,3.0
213000.0,3.07092572,2.4791292190042007E-7,213000.0,71.45633802816901,39.71670759774044,40.765206208166475,29.429380629584905,3648.0,3024.0,0.0,4.0
214000.0,3.083188666,2.4890449752773876E-7,214000.0,71.53224299065421,39.9076160168655,40.92623658207841,29.691395069707312,4648.0,3024.0,0.0,6.0
215000.0,3.095196758,2.49875913125469E-7,215000.0,71.60558139534884,40.08947010377212,41.077909041772834,29.940209096021213,5648.0,3024.0,0.0,7.0
216000.0,3.107156539,2.5084342052038544E-7,216000.0,71.68240740740741,40.277927277831424,41.26503999462258,30.198110193088972,6648.0,3024.0,0.0,0.0
217000.0,3.119190967,2.518169666148825E-7,217000.0,71.76497695852535,40.481987253559524,41.440149864281075,30.47060292098366,7648.0,3024.0,0.0,0.0
218000.0,3.131267987,2.5279348336496486E-7,218000.0,71.83761467889909,40.65636048033698,41.5946041078037,30.700288965143585,8648.0,3024.0,0.0,7.0
219000.0,3.143268882,2.537642919116756E-7,219000.0,71.90456621004566,40.82826395085206,41.75706631832037,30.943108227926235,9648.0,3024.0,0.0,5.0
220000.0,3.155491899,2.547506657477757E-7,220000.0,71.96727272727273,40.98102742250557,41.901083372585965,31.144283050677135,753.0,3024.0,1.0,4.0
221000.0,3.167544388,2.557251740404425E-7,221000.0,72.03438914027149,41.14404561951754,42.05295529552956,31.365493958777552,1753.0,3024.0,0.0,0.0
222000.0,3.179520592,2.5669180404685017E-7,222000.0,72.10765765765765,41.31925669279587,42.21577282356124,31.593367138390832,2753.0,3024.0,0.0,3.0
223000.0,3.191462545,2.5765772092373E-7,223000.0,72.18071748878924,41.50088353231423,42.379068212215785,31.843949814330596,3753.0,3024.0,0.0,2.0
224000.0,3.203430891,2.586258221202674E-7,224000.0,72.25758928571429,41.688703887455546,42.527768272494384,32.09825282181842,4753.0,3024.0,0.0,3.0
225000.0,3.215430473,2.5959635061143996E-7,225000.0,72.32888888888888,41.859717207382744,42.66718234893271,32.32902917264466,5753.0,3024.0,0.0,8.0
226000.0,3.227388683,2.605630132029495E-7,226000.0,72.39999999999999,42.02710216935085,42.83095648348426,32.54533853856885,6753.0,3024.0,0.0,3.0
227000.0,3.23962556,2.6155291143776016E-7,227000.0,72.46519823788546,42.18376449930323,42.97496533099775,32.757415037707226,666.0,3024.0,1.0,3.0
228000.0,3.251610716,2.625224467831208E-7,228000.0,72.53552631578948,42.353285417865955,43.123274233396316,32.981934158140334,1666.0,3024.0,0.0,0.0
229000.0,3.26355231,2.6348764261957046E-7,229000.0,72.60917030567686,42.53533265250841,43.2896949532575,33.23292103974622,2666.0,3024.0,0.0,2.0
230000.0,3.275495071,2.644513014711791E-7,230000.0,72.67521739130434,42.69650116236928,43.42695112071293,33.45298602287167,3666.0,3024.0,0.0,2.0
231000.0,3.287420383,2.6541565022566456E-7,231000.0,72.74588744588745,42.86431403433037,43.585906557465194,33.67012590212295,4666.0,3024.0,0.0,3.0
232000.0,3.299366266,2.663798082234689E-7,232000.0,72.81508620689655,43.03111475582065,43.73962997983979,33.89617331698267,5666.0,3024.0,0.0,5.0
233000.0,3.311590963,2.673668489386803E-7,233000.0,72.86781115879828,43.1609857234816,43.85612788632326,34.07306212261839,977.0,3024.0,1.0,11.0
234000.0,3.323619935,2.6833801183263457E-7,234000.0,72.92521367521367,43.301603882224725,43.98617226318674,34.264043661416494,1977.0,3024.0,0.0,2.0
235000.0,3.335613212,2.693054737746653E-7,235000.0,72.99148936170214,43.46225746218374,44.12852112676058,34.482580645161306,2977.0,3024.0,0.0,4.0
236000.0,3.347546415,2.7027001609397016E-7,236000.0,73.04830508474576,43.592701486972494,44.25367444061736,34.645102955077896,3977.0,3024.0,0.0,3.0
237000.0,3.359474854,2.7123417334653227E-7,237000.0,73.1126582278481,43.740915131693676,44.38897955265432,34.831564091550604,4977.0,3024.0,0.0,0.0
238000.0,3.371419154,2.7219812941966576E-7,238000.0,73.17478991596639,43.89255222242108,44.511463783483116,35.04263069002706,5977.0,3024.0,0.0,1.0
239000.0,3.383613533,2.731755042720586E-7,239000.0,73.23389121338913,44.03861685994405,44.65266782602678,35.24481470609077,19.0,2952.0,1.0,4.0
240000.0,3.395627876,2.741472017707862E-7,240000.0,73.28541666666666,44.17058239810801,44.76749194534898,35.422626002175576,1019.0,3024.0,0.0,10.0
241000.0,3.40776302,2.7512620816110944E-7,241000.0,73.35145228215768,44.32690276513557,44.9089006313478,35.6308821023724,2019.0,3024.0,0.0,1.0
242000.0,3.419820272,2.761013760591733E-7,242000.0,73.41115702479338,44.467674041017204,45.040443468828194,35.822503266474484,3019.0,3024.0,0.0,5.0
243000.0,3.431776189,2.7706787803609547E-7,243000.0,73.47283950617283,44.61729310188047,45.17317048276801,36.025843332241635,4019.0,3024.0,0.0,1.0
244000.0,3.443737322,2.780348016681957E-7,244000.0,73.53401639344263,44.76762716890566,45.299688283526464,36.23662071961768,5019.0,3024.0,0.0,0.0
245000.0,3.455685025,2.790012825381156E-7,245000.0,73.59755102040816,44.920046140946404,45.42186972662841,36.44152730559867,6019.0,3024.0,0.0,3.0
246000.0,3.467647603,2.799689666855977E-7,246000.0,73.66138211382113,45.06798931984011,45.55850572201589,36.63462196708166,7019.0,3024.0,0.0,0.0
247000.0,3.479590768,2.809349568766439E-7,247000.0,73.72429149797571,45.21448276786907,45.685903658822355,36.82801717005559,8019.0,3024.0,0.0,6.0
248000.0,3.491550083,2.819005702436695E-7,248000.0,73.78346774193548,45.352581587590166,45.80606980020172,37.013678989382306,9019.0,3024.0,0.0,1.0
249000.0,3.503618444,2.828766615935395E-7,249000.0,73.84417670682731,45.49996981853431,45.9375103761995,37.21634179728923,10019.0,3024.0,0.0,1.0
250000.0,3.515736973,2.838544028054737E-7,250000.0,73.9004,45.63376517852418,46.058266232370485,37.397219530447956,11019.0,3024.0,0.0,6.0
251000.0,3.527728197,2.84823883043418E-7,251000.0,73.9577689243028,45.77382317530875,46.181333157686744,37.59332454984629,12019.0,3024.0,0.0,2.0
252000.0,3.539988188,2.858067450328565E-7,252000.0,74.00357142857142,45.88520897608684,46.26546146527116,37.756178205968695,949.0,3024.0,1.0,1.0
253000.0,3.552063671,2.8678331244549616E-7,253000.0,74.06324110671937,46.02661054443114,46.3989609795545,37.942709072166906,1949.0,3024.0,0.0,2.0
254000.0,3.564094351,2.8775399076627157E-7,254000.0,74.11338582677165,46.14405130702657,46.51874023945861,38.10003483238093,2949.0,3024.0,0.0,3.0
255000.0,3.576069042,2.8872272911459626E-7,255000.0,74.17294117647059,46.28722348189827,46.64954717042269,38.29498182363302,3949.0,3024.0,0.0,2.0
256000.0,3.588312354,2.897125397747797E-7,256000.0,74.21914062500001,46.3982186586133,46.746225783286135,38.44353041028942,600.0,3024.0,1.0,3.0
257000.0,3.600450445,2.9069208536796483E-7,257000.0,74.27431906614787,46.52844113978928,46.860582873860714,38.61986371316635,1600.0,3024.0,0.0,1.0
258000.0,3.612803308,2.916910850318791E-7,258000.0,74.31550387596899,46.62730977357701,46.958345339864884,38.75430926920339,870.0,3024.0,1.0,7.0
259000.0,3.624864932,2.926665066778681E-7,259000.0,74.36679536679537,46.74128053706238,47.064170440773104,38.892161555171015,1870.0,3024.0,0.0,1.0
260000.0,3.636840899,2.936350012556671E-7,260000.0,74.42730769230769,46.875919003895184,47.18526344218411,39.06018000843215,2870.0,3024.0,0.0,0.0
261000.0,3.648820616,2.94602286704638E-7,261000.0,74.48620689655172,47.012408164693994,47.314329116327634,39.244005693222874,3870.0,3024.0,0.0,2.0
262000.0,3.660784145,2.9556826507625075E-7,262000.0,74.54198473282443,47.136566149548045,47.43312895039642,39.39614206925377,4870.0,3024.0,0.0,0.0
263000.0,3.672973076,2.965521909534394E-7,263000.0,74.58821292775666,47.24403596312015,47.541639848668005,39.53898624015054,473.0,3024.0,1.0,3.0
264000.0,3.684956756,2.975195483743607E-7,264000.0,74.63371212121213,47.34882615863749,47.64071650286555,39.67697767849101,1473.0,3024.0,0.0,2.0
265000.0,3.697145325,2.985050090128515E-7,265000.0,74.67962264150944,47.45533827644496,47.74546757211389,39.81990546830857,2473.0,3024.0,0.0,4.0
266000.0,3.709257768,2.9948408915975654E-7,266000.0,74.72894736842105,47.570323964748944,47.84015518913675,39.970530451866395,3473.0,3024.0,0.0,1.0
267000.0,3.721420333,3.0046535809092643E-7,267000.0,74.7812734082397,47.692872330829,47.96002751393086,40.13371979301883,4473.0,3024.0,0.0,4.0
268000.0,3.733641116,3.0145337268612045E-7,268000.0,74.8339552238806,47.81168965806455,48.08049082777149,40.28403708065131,5473.0,3024.0,0.0,2.0
269000.0,3.74608175,3.024590071089939E-7,269000.0,74.88550185873606,47.930946824477886,48.19489601864916,40.43922522856109,6473.0,3024.0,0.0,4.0
270000.0,3.758604275,3.034714684965462E-7,270000.0,74.93481481481481,48.04529737577221,48.29986019969289,40.588183653761725,7473.0,3024.0,0.0,2.0
271000.0,3.771165872,3.044874528685958E-7,271000.0,74.98007380073801,48.15231019062319,48.39681875261616,40.73439562264547,8473.0,3024.0,0.0,5.0
272000.0,3.783352699,3.0547093146360383E-7,272000.0,75.02830882352941,48.26632770493215,48.49909392131143,40.8918051047314,9473.0,3024.0,0.0,3.0
273000.0,3.795729244,3.0647161580505066E-7,273000.0,75.06776556776556,48.355653590016374,48.58711826511266,41.005928442657044,470.0,3024.0,1.0,6.0
274000.0,3.807708288,3.074407310978283E-7,274000.0,75.11715328467153,48.465849837823136,48.70095180768218,41.14635935948898,1470.0,3024.0,0.0,1.0
275000.0,3.81961464,3.0840391626037253E-7,275000.0,75.16545454545455,48.57513180946322,48.806266631685475,41.286462228870604,2470.0,3024.0,0.0,4.0
276000.0,3.831452024,3.09359096762923E-7,276000.0,75.21340579710144,48.68872078843594,48.90965034129438,41.4474866694626,3470.0,3024.0,0.0,1.0
277000.0,3.843273311,3.1031473987767486E-7,277000.0,75.26028880866426,48.79619747741262,49.016092193463415,41.583981178396066,4470.0,3024.0,0.0,5.0
278000.0,3.855091879,3.112706034620708E-7,278000.0,75.30539568345324,48.89485479435108,49.10442892516643,41.70014012143858,5470.0,3024.0,0.0,3.0
279000.0,3.867204775,3.1224167310318405E-7,279000.0,75.34551971326164,48.98712854525039,49.183295040669016,41.82264134985409,62.0,3024.0,1.0,4.0
280000.0,3.879062128,3.13200747165678E-7,280000.0,75.385,49.080691889431726,49.262367491166074,41.951133233949015,1062.0,3024.0,0.0,1.0
281000.0,3.890927881,3.1415821681553305E-7,281000.0,75.42775800711745,49.177062703012716,49.353049907578566,42.07236759314412,2062.0,3024.0,0.0,3.0
282000.0,3.902733971,3.1511087214709585E-7,282000.0,75.47659574468085,49.28765977940624,49.4551275023571,42.21349488197201,3062.0,3024.0,0.0,0.0
283000.0,3.914555504,3.160668042737371E-7,283000.0,75.52544169611308,49.39702026308259,49.557573683098944,42.35097298287084,4062.0,3024.0,0.0,2.0
284000.0,3.926739634,3.1705198166271067E-7,284000.0,75.56830985915492,49.49316249346637,49.65425666998018,42.470296578198955,5062.0,3024.0,0.0,1.0
285000.0,3.93860481,3.180097976531421E-7,285000.0,75.60842105263158,49.58627148067802,49.730632669737574,42.5952534311054,6062.0,3024.0,0.0,6.0
286000.0,3.950415739,3.1896519007336155E-7,286000.0,75.6541958041958,49.69059716778179,49.82525419209788,42.73601276389265,7062.0,3024.0,0.0,1.0
287000.0,3.962278456,3.1992418242531943E-7,287000.0,75.697212543554,49.78773512158477,49.92102126681887,42.86334518406867,8062.0,3024.0,0.0,6.0
288000.0,3.974109478,3.208810287802957E-7,288000.0,75.73958333333334,49.88490739001773,50.02539142127588,42.99165313598943,9062.0,3024.0,0.0,4.0
289000.0,3.985991921,3.2184232896642563E-7,289000.0,75.78961937716264,49.9999216645117,50.13611938596616,43.14549221955877,10062.0,3024.0,0.0,1.0
290000.0,3.997913161,3.228067678642936E-7,290000.0,75.84,50.11386927164699,50.24641036201729,43.29281124042927,11062.0,3024.0,0.0,0.0
291000.0,4.009841847,3.2377143883501913E-7,291000.0,75.88144329896907,50.20540931961099,50.33471086076594,43.40603959198484,12062.0,3024.0,0.0,1.0
292000.0,4.021778843,3.24736707719519E-7,292000.0,75.92465753424658,50.30257069186326,50.43117124866912,43.53096158016917,13062.0,3024.0,0.0,5.0
293000.0,4.033701664,3.257010277663048E-7,293000.0,75.97064846416383,50.4070471715504,50.53048720507021,43.666186589854384,14062.0,3024.0,0.0,3.0
294000.0,4.045827876,3.2667303944540943E-7,294000.0,76.01224489795918,50.504210373181515,50.63004032258064,43.800204003570045,29.0,2984.0,1.0,2.0
295000.0,4.05785091,3.2764352386951866E-7,295000.0,76.05220338983051,50.59484976053916,50.711978399949764,43.91438619890283,962.0,3024.0,1.0,3.0
296000.0,4.069799524,3.2860782810089495E-7,296000.0,76.09121621621622,50.684823434115835,50.801209635371414,44.03409989561256,1962.0,3024.0,0.0,4.0
297000.0,4.081641175,3.295656566251753E-7,297000.0,76.12659932659933,50.766589336475874,50.87233069578594,44.14500996510245,2962.0,3024.0,0.0,3.0
298000.0,4.093755535,3.305368436326025E-7,298000.0,76.16275167785234,50.84834172632057,50.96130613371993,44.252169954952834,448.0,3024.0,1.0,2.0
299000.0,4.105796494,3.315021462105153E-7,299000.0,76.20133779264215,50.93804984863136,51.045034880361065,44.374785028610745,106.0,3024.0,1.0,3.0
300000.0,4.117676033,3.3246311311661994E-7,300000.0,76.24166666666666,51.02782869179361,51.1369946595186,44.48728133713413,1106.0,3024.0,0.0,5.0
301000.0,4.129527717,3.3342123807958226E-7,301000.0,76.28372093023256,51.12438395889471,51.24007021714036,44.61822526338655,2106.0,3024.0,0.0,1.0
302000.0,4.141580393,3.343960109350727E-7,302000.0,76.31456953642383,51.200803697443696,51.30568565515738,44.726491565631974,923.0,3024.0,1.0,9.0
303000.0,4.153479907,3.353561555681233E-7,303000.0,76.35148514851485,51.286985281484185,51.37814510219037,44.843432477369305,1923.0,3024.0,0.0,2.0
304000.0,4.165348142,3.3631615893903917E-7,304000.0,76.38947368421053,51.37466351110193,51.466302429524845,44.958321511008194,2923.0,3024.0,0.0,2.0
305000.0,4.177166988,3.372721673093095E-7,305000.0,76.43016393442623,51.46369645810941,51.54815663543844,45.06663406284388,3923.0,3024.0,0.0,0.0
306000.0,4.189015419,3.382283127795512E-7,306000.0,76.4578431372549,51.5285098120159,51.611408151750446,45.15618219606708,4923.0,3024.0,0.0,13.0
307000.0,4.201747067,3.3925812995753567E-7,307000.0,76.4928338762215,51.61005393907957,51.68509988752611,45.26417183683995,509.0,3024.0,1.0,4.0
308000.0,4.213680816,3.4022133331248335E-7,308000.0,76.5288961038961,51.690344119855915,51.75679192776632,45.365296976201094,1509.0,3024.0,0.0,3.0
309000.0,4.225552501,3.4118146833037754E-7,309000.0,76.56116504854369,51.76359359566827,51.82936156910737,45.46276006957778,2509.0,3024.0,0.0,2.0
310000.0,4.237365388,3.4213689689418095E-7,310000.0,76.60129032258064,51.856372423543604,51.914509970301225,45.5897024296205,3509.0,3024.0,0.0,3.0
311000.0,4.24918067,3.43090660739926E-7,311000.0,76.63987138263666,51.942475870771275,51.99899571195434,45.69970028327342,4509.0,3024.0,0.0,1.0
312000.0,4.261007708,3.4404745413507025E-7,312000.0,76.67179487179487,52.01570767679499,52.06975120839754,45.796438758108124,5509.0,3024.0,0.0,4.0
313000.0,4.272792473,3.4500082769447936E-7,313000.0,76.70894568690095,52.10146337043696,52.157163857825374,45.91231831907583,6509.0,3024.0,0.0,0.0
314000.0,4.284601442,3.459542041360959E-7,314000.0,76.75127388535033,52.19298220572075,52.25353678716489,46.02234496424955,7509.0,3024.0,0.0,4.0
315000.0,4.296800738,3.4694086028611905E-7,315000.0,76.78444444444445,52.26887214361179,52.32199555355618,46.12171222279525,260.0,3024.0,2.0,6.0
316000.0,4.308646327,3.478989828253454E-7,316000.0,76.82436708860759,52.359948759814344,52.40833885704631,46.24283396827493,1260.0,3024.0,0.0,2.0
317000.0,4.320454297,3.488540625769313E-7,317000.0,76.8621451104101,52.4451489656102,52.47915411378258,46.35514565521074,2260.0,3024.0,0.0,0.0
318000.0,4.332227662,3.4980634332624983E-7,318000.0,76.90125786163522,52.533242112773316,52.559208954163516,46.471072633596414,3260.0,3024.0,0.0,0.0
319000.0,4.344062319,3.507631897487905E-7,319000.0,76.94075235109717,52.62248483619689,52.64736743850703,46.586841130724586,4260.0,3024.0,0.0,1.0
320000.0,4.355858397,3.517170146651483E-7,320000.0,76.979375,52.709500338348626,52.72850945866169,46.70033499504383,5260.0,3024.0,0.0,2.0
321000.0,4.367889175,3.5268150105013614E-7,321000.0,77.01028037383178,52.781327438189095,52.79378746105968,46.79801890261046,55.0,3024.0,1.0,4.0
322000.0,4.379726863,3.536366815836645E-7,322000.0,77.04099378881988,52.8549705039417,52.861059746222026,46.90301080211447,1055.0,3024.0,0.0,9.0
323000.0,4.391728286,3.545986159240454E-7,323000.0,77.06501547987617,52.91219454608833,52.909467688826176,46.979673632980244,12.0,2960.0,1.0,4.0
324000.0,4.403814263,3.5557635717823477E-7,324000.0,77.09382716049382,52.97588480052049,52.9656317533953,47.05852979990725,950.0,3024.0,1.0,2.0
325000.0,4.415715514,3.5653900653197945E-7,325000.0,77.1283076923077,53.05273000354549,53.036726287125916,47.15600895745211,1950.0,3024.0,0.0,7.0
326000.0,4.427837726,3.575195286256447E-7,326000.0,77.16472392638036,53.13336620084913,53.11799380305815,47.261521022988894,2950.0,3024.0,0.0,0.0
327000.0,4.439677407,3.584754825607087E-7,327000.0,77.20428134556575,53.22156998953819,53.19859612112536,47.37704107925706,3950.0,3024.0,0.0,2.0
328000.0,4.451499654,3.594318149674456E-7,328000.0,77.23506097560976,53.2937760531808,53.27492881949877,47.47907434761203,4950.0,3024.0,0.0,7.0
329000.0,4.463315948,3.603875190900618E-7,329000.0,77.26717325227963,53.36545721164426,53.340486989288216,47.569541809208665,5950.0,3024.0,0.0,3.0
330000.0,4.475123681,3.613402092489393E-7,330000.0,77.2930303030303,53.42218933196337,53.39233955739113,47.6406755500898,6950.0,3024.0,0.0,11.0
331000.0,4.486873556,3.6229020094359087E-7,331000.0,77.32900302114804,53.50442250513547,53.46669725851558,47.7503133268347,7950.0,3024.0,0.0,2.0
332000.0,4.498895459,3.632622113137299E-7,332000.0,77.35421686746989,53.56004553025476,53.52442650413239,47.820776192326925,849.0,3024.0,1.0,14.0
333000.0,4.510731742,3.642195076540568E-7,333000.0,77.38948948948949,53.63828836690707,53.59416699024341,47.92294923225896,1849.0,3024.0,0.0,2.0
334000.0,4.522571377,3.651770505944722E-7,334000.0,77.42694610778443,53.72575692657028,53.67496159754225,48.046417398255215,2849.0,3024.0,0.0,5.0
335000.0,4.534360974,3.6613003426281323E-7,335000.0,77.46029850746268,53.80145352374694,53.7461637886148,48.1465203477592,3849.0,3024.0,0.0,2.0
336000.0,4.546142539,3.670810032249035E-7,336000.0,77.49255952380952,53.87529105644333,53.8204600550796,48.24707275178441,4849.0,3024.0,0.0,1.0
337000.0,4.557941627,3.6803497385050275E-7,337000.0,77.52789317507418,53.95250087935038,53.893969096643005,48.34033670768642,5849.0,3024.0,0.0,3.0
338000.0,4.569918295,3.690019635382833E-7,338000.0,77.5508875739645,54.007653201808616,53.95389199390729,48.41494836599975,725.0,3024.0,1.0,3.0
339000.0,4.581711205,3.699540678913188E-7,339000.0,77.58053097345132,54.074098996314326,54.02094411876802,48.5035944900296,1725.0,3024.0,0.0,2.0
340000.0,4.59347258,3.709036262560636E-7,340000.0,77.61235294117647,54.14550339897723,54.093239249743675,48.600175568910785,2725.0,3024.0,0.0,0.0
341000.0,4.605264416,3.7185720578424633E-7,341000.0,77.63958944281525,54.20744689312759,54.14779936617897,48.683590647840305,3725.0,3024.0,0.0,6.0
342000.0,4.617076487,3.7281205497688924E-7,342000.0,77.66988304093567,54.27401555498087,54.21907034181783,48.76592490221993,4725.0,3024.0,0.0,3.0
343000.0,4.6289329,3.7377102847001203E-7,343000.0,77.69883381924198,54.33918110345309,54.27630399177497,48.853272352831056,5725.0,3024.0,0.0,8.0
344000.0,4.641194892,3.747602176058913E-7,344000.0,77.72063953488372,54.389554479094436,54.325983313468406,48.92336605554111,450.0,3024.0,2.0,3.0
345000.0,4.653058175,3.757174879468584E-7,345000.0,77.74666666666667,54.44870864603212,54.38400522860283,49.00364003507187,1450.0,3024.0,0.0,4.0
346000.0,4.664909877,3.7667598229024764E-7,346000.0,77.77254335260115,54.50400166742878,54.43709158555152,49.065513404683685,2450.0,3024.0,0.0,2.0
347000.0,4.676711874,3.776282829245573E-7,347000.0,77.8043227665706,54.57377887912179,54.51329419685571,49.155664114074476,3450.0,3024.0,0.0,1.0
348000.0,4.689008399,3.7862063961203104E-7,348000.0,77.81580459770116,54.602491108041875,54.5352288520883,49.197167712980885,214.0,3024.0,3.0,5.0
349000.0,4.700925699,3.795828852878697E-7,349000.0,77.8381088825215,54.65352821994406,54.59135448039406,49.26400167928316,1214.0,3024.0,0.0,6.0
350000.0,4.712988007,3.805585869268266E-7,350000.0,77.85942857142857,54.699454621349,54.631835931782646,49.31718292172456,89.0,3024.0,1.0,8.0
351000.0,4.724848201,3.8151806260318185E-7,351000.0,77.89002849002848,54.76525300475983,54.69797090620402,49.398171693856504,1089.0,3024.0,0.0,3.0
352000.0,4.736869245,3.824878390628824E-7,352000.0,77.9122159090909,54.81493083236095,54.74973809800955,49.463756434922786,849.0,3024.0,1.0,3.0
353000.0,4.748659029,3.8343895903117746E-7,353000.0,77.94560906515581,54.88796248119508,54.82519511416717,49.55681111341489,1849.0,3024.0,0.0,0.0
354000.0,4.760435609,3.843890137901302E-7,354000.0,77.97796610169492,54.95853888459165,54.89272571574051,49.64441430093983,2849.0,3024.0,0.0,0.0
355000.0,4.772635547,3.8537592385639955E-7,355000.0,77.99154929577465,54.9914064883391,54.935312880321604,49.69577954479604,565.0,3024.0,3.0,5.0
356000.0,4.784753499,3.8635539915128094E-7,356000.0,78.02780898876405,55.072134697836525,55.01463644676533,49.80105504999295,1565.0,3024.0,0.0,1.0
357000.0,4.797292551,3.873697936374549E-7,357000.0,78.05098039215686,55.122023726025034,55.06634706914547,49.864356460983295,634.0,3024.0,1.0,4.0
358000.0,4.809390836,3.883462270357501E-7,358000.0,78.08324022346369,55.19313053187531,55.13047058621696,49.9566293338776,1634.0,3024.0,0.0,2.0
359000.0,4.821206163,3.893018774002894E-7,359000.0,78.11364902506965,55.258622032610695,55.19388686131388,50.03815240614509,2634.0,3024.0,0.0,6.0
360000.0,4.832979761,3.90253835861776E-7,360000.0,78.14055555555555,55.31899729318987,55.24656077434472,50.11790060851927,3634.0,3024.0,0.0,3.0
361000.0,4.845126094,3.912364347069069E-7,361000.0,78.15650969529085,55.35812160907139,55.28519826936053,50.17502401051407,690.0,3024.0,2.0,6.0
362000.0,4.856965375,3.9219230734007226E-7,362000.0,78.18729281767955,55.42370582079039,55.34757997477902,50.25200977797938,1690.0,3024.0,0.0,3.0
363000.0,4.868796399,3.9314751332461836E-7,363000.0,78.21487603305786,55.48460106732988,55.40970295689831,50.333808557808865,2690.0,3024.0,0.0,0.0
364000.0,4.880551024,3.940965510533978E-7,364000.0,78.24423076923077,55.54931516123391,55.467893313239124,50.415753553315376,3690.0,3024.0,0.0,0.0
365000.0,4.892643643,3.950659700960087E-7,365000.0,78.26821917808219,55.60154527554555,55.5213502677545,50.478229924956594,73.0,3016.0,2.0,3.0
366000.0,4.904586618,3.960234174683856E-7,366000.0,78.28743169398908,55.64593711348343,55.56673823582037,50.54146232169086,71.0,3024.0,1.0,3.0
367000.0,4.916384757,3.9697601723889305E-7,367000.0,78.31525885558584,55.70607791063416,55.62574925423068,50.61526909878437,1071.0,3024.0,0.0,3.0
368000.0,4.928374851,3.9794411574940925E-7,368000.0,78.34728260869565,55.776277698096564,55.6945626004326,50.705253520081186,2071.0,3024.0,0.0,0.0
369000.0,4.940244125,3.9890361361022835E-7,369000.0,78.3750677506775,55.83574145236248,55.758355325896524,50.77693679022398,3071.0,3024.0,0.0,2.0
370000.0,4.952054555,3.9985886789433455E-7,370000.0,78.40162162162162,55.89395503448542,55.81688505556477,50.853003038093014,4071.0,3024.0,0.0,4.0
371000.0,4.963864279,4.008136740120066E-7,371000.0,78.42830188679245,55.95226272979148,55.882450221604806,50.92832178551719,5071.0,3024.0,0.0,6.0
372000.0,4.975866267,4.0178457097660135E-7,372000.0,78.44569892473118,55.99298792440045,55.91803972665247,50.984203834115796,248.0,3024.0,1.0,5.0
373000.0,4.987710402,4.027426494480794E-7,373000.0,78.47024128686327,56.04664244931736,55.96534517738664,51.049939959892,1248.0,3024.0,0.0,7.0
374000.0,4.999499649,4.0369638559599103E-7,374000.0,78.49385026737968,56.09907764658533,56.01942225357196,51.11496034278422,2248.0,3024.0,0.0,4.0
375000.0,5.011291027,4.046496596481962E-7,375000.0,78.51013333333333,56.134770326000236,56.052483762426995,51.15880192487181,3248.0,3024.0,0.0,5.0
376000.0,5.023099783,4.056039720329208E-7,376000.0,78.53377659574467,56.1870172358725,56.106328480609946,51.22845817320473,4248.0,3024.0,0.0,5.0
377000.0,5.034891002,4.065555006053941E-7,377000.0,78.56206896551724,56.24898432891171,56.1727256951976,51.3082507455493,5248.0,3024.0,0.0,3.0
378000.0,5.046679159,4.0750678208038835E-7,378000.0,78.58994708994709,56.30778175939716,56.22684371365985,51.37674759527285,6248.0,3024.0,0.0,0.0
379000.0,5.058455759,4.0845713092783053E-7,379000.0,78.62031662269129,56.37479312713436,56.294566284425926,51.46569073745746,7248.0,3024.0,0.0,0.0
380000.0,5.070440504,4.0942425187058336E-7,380000.0,78.63631578947368,56.41461643457394,56.32417659274564,51.526767694861434,856.0,3024.0,1.0,2.0
381000.0,5.082242422,4.103781826266398E-7,381000.0,78.66010498687665,56.46730832575309,56.37792740832149,51.59465847458134,1856.0,3024.0,0.0,1.0
382000.0,5.09407698,4.1133543742368206E-7,382000.0,78.68219895287957,56.517706122684544,56.42887334870706,51.66433201168118,2856.0,3024.0,0.0,4.0
383000.0,5.105900549,4.1228962551885184E-7,383000.0,78.70731070496083,56.57370193310468,56.48199534675232,51.73897348191194,3856.0,3024.0,0.0,4.0
384000.0,5.118040038,4.132628270741635E-7,384000.0,78.72317708333333,56.609101021657914,56.51412573715696,51.7828478353241,544.0,3024.0,2.0,3.0
385000.0,5.129854108,4.1421852247250166E-7,385000.0,78.74571428571429,56.6584109553043,56.56496491395691,51.84489901605386,1544.0,3024.0,0.0,1.0
386000.0,5.141632997,4.1516912917078577E-7,386000.0,78.76683937823834,56.70424830361215,56.60668053812798,51.90225524198517,2544.0,3024.0,0.0,2.0
387000.0,5.153647557,4.1614116747029336E-7,387000.0,78.7842377260982,56.74323906669324,56.651320443914145,51.95756607626638,136.0,3024.0,1.0,4.0
388000.0,5.165540859,4.1710100778680504E-7,388000.0,78.80438144329896,56.78902790742551,56.696031298871574,52.018693333644485,1136.0,3024.0,0.0,5.0
389000.0,5.177345355,4.18055659962311E-7,389000.0,78.82519280205655,56.83368694273404,56.73685482134322,52.071453508669855,2136.0,3024.0,0.0,4.0
390000.0,5.189129457,4.1900717514087965E-7,390000.0,78.84717948717949,56.88167990887785,56.78394065754458,52.13211017691669,3136.0,3024.0,0.0,2.0
391000.0,5.200933002,4.1996026025745603E-7,391000.0,78.87237851662404,56.93597761545889,56.833739170420216,52.20050455955191,4136.0,3024.0,0.0,0.0
392000.0,5.212751468,4.2091386531231716E-7,392000.0,78.89464285714286,56.982315930710584,56.87867779277707,52.25363004686165,5136.0,3024.0,0.0,3.0
393000.0,5.225040496,4.2190767708421163E-7,393000.0,78.90483460559796,57.00626194219009,56.89962620417881,52.289861077541055,90.0,3024.0,3.0,9.0
394000.0,5.236890207,4.2286615755287927E-7,394000.0,78.92893401015229,57.06018890597332,56.95189106785444,52.364285263453844,1090.0,3024.0,0.0,4.0
395000.0,5.248671389,4.2381743695409967E-7,395000.0,78.95088607594937,57.10732043601507,57.00441622107996,52.42198989430798,2090.0,3024.0,0.0,6.0
396000.0,5.260453481,4.247687898338772E-7,396000.0,78.9760101010101,57.162084015813306,57.06159035349211,52.49086966446016,3090.0,3024.0,0.0,0.0
397000.0,5.272235785,4.257213790679247E-7,397000.0,79.00176322418136,57.21788837039898,57.11978354911553,52.560264960961526,4090.0,3024.0,0.0,1.0
398000.0,5.284013558,4.266738213526023E-7,398000.0,79.02713567839196,57.27352947988803,57.17166327174588,52.631937351038474,5090.0,3024.0,0.0,1.0
399000.0,5.295830639,4.2762932010424635E-7,399000.0,79.04862155388471,57.32020589673198,57.222830592256756,52.6896325347912,6090.0,3024.0,0.0,5.0
400000.0,5.307864233,4.2860035806094607E-7,400000.0,79.05775,57.344405311143056,57.24653584096768,52.73349997460885,393.0,3024.0,1.0,3.0
401000.0,5.319753115,4.2956003850694744E-7,401000.0,79.06932668329178,57.39479716244138,57.184978116041094,52.891124007947646,1393.0,3024.0,0.0,15.0
402000.0,5.331616951,4.305176726655289E-7,402000.0,79.11417910447761,57.51740899165242,57.179795795550746,53.13211717947573,2393.0,3024.0,0.0,10.0
403000.0,5.343392089,4.3146814723132797E-7,403000.0,79.16104218362283,57.64340775861917,57.17789471537253,53.37626648161,3393.0,3024.0,0.0,0.0
404000.0,5.355169875,4.324188355404097E-7,404000.0,79.20841584158416,57.769548441155024,57.17665052255927,53.61993948362303,4393.0,3024.0,0.0,0.0
405000.0,5.366921415,4.333674053048549E-7,405000.0,79.25629629629628,57.89584362713399,57.17562621700699,53.86338923852515,5393.0,3024.0,0.0,0.0
406000.0,5.378712616,4.343191764561335E-7,406000.0,79.30123152709359,58.014883113068684,57.173797827017545,54.09545034932185,6393.0,3024.0,0.0,0.0
407000.0,5.390494635,4.3527020644773623E-7,407000.0,79.34791154791154,58.136783663463746,57.172555053958476,54.33138460869753,7393.0,3024.0,0.0,0.0
408000.0,5.40229862,4.362230095076726E-7,408000.0,79.39338235294117,58.25521377391922,57.17014773306164,54.56166804481411,8393.0,3024.0,0.0,0.0
409000.0,5.414108273,4.37176270081554E-7,409000.0,79.43960880195598,58.37440418488992,57.168906047857206,54.792650015590205,9393.0,3024.0,0.0,0.0
410000.0,5.425853011,4.3812429079697775E-7,410000.0,79.48512195121951,58.49122723226028,57.16686442361066,55.01965293189659,10393.0,3024.0,0.0,0.0
411000.0,5.437923202,4.390985816757629E-7,411000.0,79.53211678832118,58.61038158706645,57.166206706925884,55.249676832479544,11393.0,3024.0,0.0,0.0
412000.0,5.449714401,4.400503526656039E-7,412000.0,79.57645631067962,58.723069689331034,57.16460155367088,55.46964717587226,12393.0,3024.0,0.0,0.0
413000.0,5.461506197,4.4100373372412797E-7,413000.0,79.62082324455207,58.835029803203376,57.162197927482254,55.6881120353796,13393.0,3024.0,0.0,2.0
414000.0,5.473284028,4.419562294500693E-7,414000.0,79.66497584541062,58.94576353415448,57.16023122799161,55.90433639396812,14393.0,3024.0,0.0,1.0
415000.0,5.485053848,4.4290807731111425E-7,415000.0,79.71036144578314,59.05834838614399,57.15913831876506,56.122853093213266,15393.0,3024.0,0.0,0.0
416000.0,5.496821994,4.4385978979257654E-7,416000.0,79.75528846153847,59.169212798072316,57.157537034022475,56.3383932644851,16393.0,3024.0,0.0,0.0
417000.0,5.508606265,4.4481241611292373E-7,417000.0,79.79832134292566,59.275348570857886,57.155426711423054,56.546565909266754,17393.0,3024.0,0.0,2.0
418000.0,5.520381078,4.4576427785990546E-7,418000.0,79.84282296650717,59.38386634159687,57.153826595474186,56.75779706336701,18393.0,3024.0,0.0,0.0
419000.0,5.532153614,4.467159555369408E-7,419000.0,79.8873508353222,59.49173256988727,57.15273540776895,56.96763585485666,19393.0,3024.0,0.0,0.0
420000.0,5.543936322,4.476684555062444E-7,420000.0,79.93142857142857,59.597960012418426,57.15157184106715,57.174648660183536,20393.0,3024.0,0.0,0.0
421000.0,5.55573301,4.486220856019647E-7,421000.0,79.97553444180522,59.703567283998474,57.149610141406335,57.38032284646846,21393.0,3024.0,0.0,0.0
422000.0,5.567511043,4.4957454891226354E-7,422000.0,80.018009478673,59.80509588006553,57.148084154893795,57.57966013019289,22393.0,3024.0,0.0,1.0
423000.0,5.579297587,4.505277004881865E-7,423000.0,80.0598108747045,59.904572050302775,57.14554267307518,57.77561962164409,23393.0,3024.0,0.0,0.0
424000.0,5.59106373,4.5147920228065297E-7,424000.0,80.10306603773584,60.00645029363415,57.14394570540304,57.97462427083385,24393.0,3024.0,0.0,0.0
425000.0,5.602854161,4.5243244857572223E-7,425000.0,80.14564705882353,60.106296786493154,57.14263947015563,58.17028132358409,25393.0,3024.0,0.0,1.0
426000.0,5.614672673,4.5338796519570256E-7,426000.0,80.18802816901407,60.20511473793757,57.14133371249822,58.36404268229513,26393.0,3024.0,0.0,0.0
427000.0,5.627030882,4.5437864999680673E-7,427000.0,80.22786885245901,60.29812164196152,57.13408070838156,58.5512298100054,452.0,3008.0,3.0,2.0
428000.0,5.638908313,4.553390039125064E-7,428000.0,80.26985981308411,60.39489781728273,57.13277696556205,58.74130315822389,1452.0,3024.0,0.0,1.0
429000.0,5.650768151,4.562982789725624E-7,429000.0,80.31282051282051,60.49296632808152,57.13357627927279,58.93199257004484,2452.0,3024.0,0.0,1.0
430000.0,5.662576939,4.5725310717357324E-7,430000.0,80.35488372093023,60.58858078848708,57.13502816258183,59.11842850298359,3452.0,3024.0,0.0,1.0
431000.0,5.674379791,4.5820735769590365E-7,431000.0,80.39744779582367,60.6848111020637,57.13452191295699,59.30612284217015,4452.0,3024.0,0.0,1.0
432000.0,5.686194021,4.5916252811983436E-7,432000.0,80.43912037037036,60.778609209735436,57.13510332863272,59.48963546760243,5452.0,3024.0,0.0,0.0
433000.0,5.698200741,4.6012498642042486E-7,433000.0,80.4769053117783,60.86398511634371,57.126700274884115,59.66398984621404,652.0,2992.0,1.0,1.0
434000.0,5.709999268,4.6107078039492997E-7,434000.0,80.51958525345621,60.958754349175024,57.129890676023756,59.8471680012158,1652.0,3000.0,0.0,0.0
435000.0,5.721764737,4.620203770914881E-7,435000.0,80.56022988505747,61.04895816032957,57.128154690082425,60.025243333443626,2652.0,3016.0,0.0,2.0
436000.0,5.733549829,4.629715575698722E-7,436000.0,80.6020642201835,61.14110245002489,57.128156776868735,60.20486905131608,3652.0,3016.0,0.0,0.0
437000.0,5.74532767,4.6392215281653734E-7,437000.0,80.6425629290618,61.22999829105831,57.127797599740525,60.379567787322145,4652.0,3016.0,0.0,0.0
438000.0,5.757108469,4.64873011186423E-7,438000.0,80.6837899543379,61.319812813940246,57.13163761653832,60.55361547176674,5652.0,3024.0,0.0,0.0
439000.0,5.768877313,4.658229046377312E-7,439000.0,80.7250569476082,61.40930195759607,57.13381087954284,60.727463438859,6652.0,3024.0,0.0,0.0
440000.0,5.780643711,4.6677260066613344E-7,440000.0,80.76636363636364,61.49843050736814,57.13562137849995,60.900560424684556,7652.0,3024.0,0.0,0.0
441000.0,5.792426004,4.6772357962057405E-7,441000.0,80.80770975056689,61.58713746387864,57.13967408367683,61.07201663125167,8652.0,3024.0,0.0,0.0
442000.0,5.80422744,4.686761036554268E-7,442000.0,80.84841628959276,61.67414845000715,57.14141056149056,61.24155235252101,9652.0,3024.0,0.0,0.0
443000.0,5.815997915,4.6962612874890983E-7,443000.0,80.8900677200903,61.762617290235134,57.14480971135253,61.41220121428702,10652.0,3024.0,0.0,0.0
444000.0,5.82777077,4.7057634593827025E-7,444000.0,80.93153153153153,61.85028401049526,57.14777397606948,61.58150045604497,11652.0,3024.0,0.0,0.0
445000.0,5.83980679,4.715479034860432E-7,445000.0,80.96269662921348,61.91684375072041,57.129266021618555,61.728099461041865,502.0,3024.0,1.0,6.0
446000.0,5.851623715,4.725017755031399E-7,446000.0,81.0,61.995314652561994,57.12623324057679,61.88582840077004,1502.0,3024.0,0.0,0.0
447000.0,5.86339297,4.7345179955817757E-7,447000.0,81.04004474272931,62.07889911259182,57.12760898817294,62.04884558204519,2502.0,3024.0,0.0,0.0
448000.0,5.87557263,4.744349518462519E-7,448000.0,81.08013392857143,62.16215703753868,57.13035737767932,62.1079971925558,3502.0,3024.0,0.0,0.0
449000.0,5.887611714,4.754067567226539E-7,449000.0,81.11982182628063,62.244214093627,57.13303262606444,62.106298332662824,4502.0,3024.0,0.0,0.0
450000.0,5.899548582,4.763703106384973E-7,450000.0,81.15822222222222,62.323280508428994,57.13491269046824,62.1032118497859,5502.0,3024.0,0.0,0.0
451000.0,5.911492954,4.773365714954171E-7,451000.0,81.19778270509977,62.404333401100864,57.136791451418866,62.10145251396647,6502.0,3024.0,0.0,1.0
452000.0,5.923415974,4.783011050449643E-7,452000.0,81.2362831858407,62.482902230751044,57.13578150428076,62.097567079601724,7502.0,3024.0,0.0,0.0
453000.0,5.935621977,4.792885309990744E-7,453000.0,81.2748344370861,62.56118150215112,57.13700997483553,62.094806552805856,8502.0,3024.0,0.0,0.0
454000.0,5.947629022,4.802597624985129E-7,454000.0,81.3136563876652,62.63964961849362,57.13838225635326,62.09260136372979,9502.0,3024.0,0.0,1.0
455000.0,5.95951508,4.812207893539179E-7,455000.0,81.35120879120879,62.71520570153425,57.1402594253849,62.089348184486724,10502.0,3024.0,0.0,2.0
456000.0,5.971333557,4.821763520633533E-7,456000.0,81.38947368421053,62.791863533391115,57.141558507146094,62.08686639444597,11502.0,3024.0,0.0,0.0
457000.0,5.983086617,4.831266255933315E-7,457000.0,81.4288840262582,62.87047765713807,57.144588412324914,62.086726557160276,12502.0,3024.0,0.0,0.0
458000.0,5.994828389,4.84076350963987E-7,458000.0,81.4670305676856,62.94622019603129,57.148121970920855,62.08536944888644,13502.0,3024.0,0.0,1.0
459000.0,6.00741132,4.850827587336447E-7,459000.0,81.50261437908497,63.01657132600022,57.1430734750742,62.07808333593879,31.0,2304.0,6.0,3.0
460000.0,6.01969566,4.860761913877126E-7,460000.0,81.53652173913044,63.08324596338193,57.13535883718583,62.067841271968014,445.0,3008.0,3.0,2.0
461000.0,6.031588467,4.870380100561638E-7,461000.0,81.57266811279827,63.15408433272181,57.13449525174338,62.06302138225469,1445.0,3024.0,0.0,0.0
462000.0,6.043353747,4.879876645469128E-7,462000.0,81.60800865800866,63.2230520519183,57.132983553627284,62.05720154502221,2445.0,3024.0,0.0,2.0
463000.0,6.055321503,4.88955544639499E-7,463000.0,81.64190064794816,63.28884191331523,57.13017602259545,62.049381613608965,886.0,3024.0,1.0,4.0
464000.0,6.067103403,4.899082231299291E-7,464000.0,81.67780172413794,63.35831221418232,57.12938589856081,62.044841687947574,1886.0,3024.0,0.0,2.0
465000.0,6.078883725,4.908607740240753E-7,465000.0,81.71419354838709,63.42847894461229,57.13140540867565,62.04215009218379,2886.0,3024.0,0.0,0.0
466000.0,6.090623862,4.918100755793934E-7,466000.0,81.75064377682403,63.498460575344154,57.13349597757931,62.03973592704517,3886.0,3024.0,0.0,0.0
467000.0,6.102403105,4.927624904693665E-7,467000.0,81.78715203426124,63.56826997747831,57.13522557755111,62.037599085910166,4886.0,3024.0,0.0,2.0
468000.0,6.114193364,4.937158692655073E-7,468000.0,81.82286324786325,63.6362030938506,57.13717072777478,62.034632034632054,5886.0,3024.0,0.0,1.0
469000.0,6.125967455,4.946679406918629E-7,469000.0,81.8590618336887,63.70486106148455,57.13889896425259,62.03232658598408,6886.0,3024.0,0.0,0.0
470000.0,6.137718489,4.956181476931111E-7,470000.0,81.89382978723404,63.77042132116068,57.13889980155732,62.02785251819426,7886.0,3024.0,0.0,0.0
471000.0,6.149475099,4.965688055784465E-7,471000.0,81.92951167728238,63.837559020606435,57.14185004280174,62.02577956641427,8886.0,3024.0,0.0,0.0
472000.0,6.161219386,4.975184670067146E-7,472000.0,81.9656779661017,63.90539130693597,57.145014801538544,62.02470655941753,9886.0,3024.0,0.0,0.0
473000.0,6.173330059,4.984890325976786E-7,473000.0,81.98646934460888,63.94274421116168,57.10977770618557,61.990498070617626,133.0,2920.0,2.0,6.0
474000.0,6.185160256,4.99443731103223E-7,474000.0,82.01054852320675,63.986360229273565,57.083035543520936,61.96360067802659,1133.0,3008.0,0.0,8.0
475000.0,6.196964346,5.003963227703196E-7,475000.0,82.04484210526316,64.0496607425249,57.08225561336944,61.95907189180993,2133.0,3008.0,0.0,0.0
476000.0,6.208750681,5.013474816065035E-7,476000.0,82.08025210084034,64.11498115946863,57.084062871057974,61.95705015275516,3133.0,3008.0,0.0,0.0
477000.0,6.220489747,5.022948744184401E-7,477000.0,82.1146750524109,64.17812285157078,57.08428910620146,61.953414528637616,4133.0,3024.0,0.0,0.0
478000.0,6.232250778,5.032458411113609E-7,478000.0,82.15,64.24284113395883,57.08659833221008,61.95183946488294,5133.0,3024.0,0.0,1.0
479000.0,6.244044229,5.041998685423162E-7,479000.0,82.18413361169102,64.30494411178212,57.08768718634659,61.94854416551478,6133.0,3024.0,0.0,2.0
480000.0,6.255810795,5.051511610203279E-7,480000.0,82.21854166666667,64.36742719510718,57.0906440098537,61.94648048080181,7133.0,3024.0,0.0,1.0
481000.0,6.267555565,5.061011045751638E-7,481000.0,82.25259875259874,64.42897723966499,57.091802883165435,61.94363208388316,8133.0,3024.0,0.0,1.0
482000.0,6.279940306,5.070939419219126E-7,482000.0,82.28402489626556,64.48506042303084,57.087362051983035,61.93560465914511,294.0,3016.0,5.0,4.0
483000.0,6.291867617,5.080585757510964E-7,483000.0,82.31718426501035,64.54437733610948,57.08658252271084,61.93108120757208,1294.0,3024.0,0.0,1.0
484000.0,6.303711621,5.090164230141479E-7,484000.0,82.34979338842975,64.60235113143905,57.08393617876375,61.92549739713328,2294.0,3024.0,0.0,3.0
485000.0,6.315520194,5.099714049044438E-7,485000.0,82.38288659793814,64.66117465006235,57.08667744819343,61.922608994041695,3294.0,3024.0,0.0,0.0
486000.0,6.32734713,5.109278718456812E-7,486000.0,82.41604938271605,64.71994117968835,57.089488536509435,61.91999714816614,4294.0,3024.0,0.0,0.0
487000.0,6.33914913,5.11882322164892E-7,487000.0,82.45010266940452,64.78035176612703,57.092654323466796,61.91927427942557,5294.0,3024.0,0.0,0.0
488000.0,6.350942726,5.128360928365444E-7,488000.0,82.48360655737706,64.83938238113842,57.094384323488676,61.916981871806186,6294.0,3024.0,0.0,0.0
489000.0,6.363017721,5.13804099030441E-7,489000.0,82.51472392638037,64.8934825636037,57.09188538164302,61.91029855932432,950.0,3016.0,1.0,0.0
490000.0,6.374898141,5.147565314781128E-7,490000.0,82.54755102040816,64.95080605847211,57.093472480056185,61.9074557457082,1950.0,3024.0,0.0,0.0
491000.0,6.386772186,5.157084528532087E-7,491000.0,82.58085539714868,65.00885197467156,57.09441155814188,61.905101263623926,2950.0,3024.0,0.0,0.0
492000.0,6.398615043,5.166578739410101E-7,492000.0,82.61321138211382,65.06494316384699,57.09764782586889,61.90266235559236,3950.0,3024.0,0.0,0.0
493000.0,6.410446057,5.176063455962597E-7,493000.0,82.647261663286,65.1241834461996,57.10023267942393,61.90253525893665,4950.0,3024.0,0.0,0.0
494000.0,6.422213348,5.185497086902915E-7,494000.0,82.67955465587045,65.17981556308865,57.102247089612845,61.900203049301794,5950.0,3024.0,0.0,0.0
495000.0,6.433949645,5.194905870496689E-7,495000.0,82.71212121212122,65.2357317698269,57.103973051821114,61.897913568483574,6950.0,3024.0,0.0,0.0
496000.0,6.445981658,5.20455172442442E-7,496000.0,82.74375,65.28968396640197,57.10541350519702,61.894691853243536,7950.0,3024.0,0.0,0.0
497000.0,6.458049904,5.214289566520808E-7,497000.0,82.76619718309858,65.32562877252307,57.08344607121024,61.87092954410893,411.0,3024.0,1.0,7.0
498000.0,6.469894532,5.22384697172737E-7,498000.0,82.79598393574297,65.3755953360809,57.07916278417344,61.863301506754794,1411.0,3024.0,0.0,0.0
499000.0,6.481698246,5.233371363514123E-7,499000.0,82.82645290581162,65.42679827364267,57.07817446007132,61.85796435756378,2411.0,3024.0,0.0,0.0
500000.0,6.493495427,5.242890483837036E-7,500000.0,82.85759999999999,65.47916930701562,57.07832984466232,61.8542386157297,3411.0,3024.0,0.0,0.0
501000.0,6.505309228,5.252423014802692E-7,501000.0,82.88942115768462,65.53272597913255,57.08091762043518,61.85229356165115,4411.0,3024.0,0.0,0.0
502000.0,6.517103134,5.261939492535052E-7,502000.0,82.92091633466136,65.58552395296068,57.08343344545891,61.85007364163444,5411.0,3024.0,0.0,0.0
503000.0,6.528909136,5.271465730504153E-7,503000.0,82.9534791252485,65.6403754802068,57.088091925490716,61.8501841997544,6411.0,3024.0,0.0,0.0
504000.0,6.540703101,5.281001782929441E-7,504000.0,82.98412698412699,65.69124660172584,57.091251138262635,61.8474788906585,7411.0,3024.0,0.0,2.0
505000.0,6.552524029,5.290558413151444E-7,505000.0,83.01564356435644,65.74359916081849,57.091758632075,61.84496165412195,8411.0,3024.0,0.0,1.0
506000.0,6.564324564,5.300098556650906E-7,506000.0,83.04644268774703,65.79446099973035,57.09248236882909,61.8417892124156,9411.0,3024.0,0.0,0.0
507000.0,6.576116955,5.309632116132892E-7,507000.0,83.07652859960552,65.84373217841146,57.09213474155865,61.83762242365479,10411.0,3024.0,0.0,0.0
508000.0,6.587929637,5.319182079875511E-7,508000.0,83.10787401574802,65.89544980983574,57.09442905570944,61.83606032439259,11411.0,3024.0,0.0,0.0
509000.0,6.59973917,5.328729497808818E-7,509000.0,83.1392927308448,65.94714314022971,57.097651446225214,61.8351128879481,12411.0,3024.0,0.0,0.0
510000.0,6.611575338,5.338298448810085E-7,510000.0,83.17058823529412,65.99845000786951,57.09958614071217,61.83365646288753,13411.0,3024.0,0.0,0.0
511000.0,6.623379099,5.347842910408705E-7,511000.0,83.19980430528375,66.0454982988831,57.09995302677473,61.8291115883454,14411.0,3024.0,0.0,1.0
512000.0,6.635573418,5.35761787271448E-7,512000.0,83.221875,66.07887508027022,57.08662204016386,61.81060006579474,165.0,2992.0,2.0,4.0
513000.0,6.647453885,5.367141988991451E-7,513000.0,83.2514619883041,66.12651279223378,57.08720407551694,61.80688294022991,1165.0,3016.0,0.0,0.0
514000.0,6.659238438,5.376589214680822E-7,514000.0,83.28210116731518,66.17587313085843,57.08735342881683,61.804475183799,2165.0,3016.0,0.0,0.0
515000.0,6.671022516,5.386036303464802E-7,515000.0,83.31145631067962,66.22280607516336,57.08879213931938,61.80143823500652,3165.0,3024.0,0.0,0.0
516000.0,6.683043332,5.395736620745293E-7,516000.0,83.33313953488371,66.25474870785692,57.06947675289277,61.7802210499651,636.0,3000.0,1.0,6.0
517000.0,6.694883752,5.40529185577563E-7,517000.0,83.36286266924566,66.30220356547295,57.069844977490305,61.77716157185835,1636.0,3016.0,0.0,0.0
518000.0,6.70667654,5.414808651717238E-7,518000.0,83.39073359073359,66.34639633517547,57.07000648670226,61.771971918599476,2636.0,3016.0,0.0,0.0
519000.0,6.718460753,5.424318771508939E-7,519000.0,83.41753371868978,66.3881679757902,57.06510351708655,61.76337302292517,3636.0,3024.0,0.0,0.0
520000.0,6.730259603,5.43384070368246E-7,520000.0,83.44576923076923,66.4323533126321,57.062051077414196,61.75765006930376,4636.0,3024.0,0.0,0.0
521000.0,6.742046831,5.443353256645657E-7,521000.0,83.47523992322456,66.47901205928115,57.0654884203387,61.756056823532546,5636.0,3024.0,0.0,0.0
522000.0,6.753848872,5.452877764026554E-7,522000.0,83.50383141762453,66.52363495049161,57.06521739130434,61.752007675360666,6636.0,3024.0,0.0,0.0
523000.0,6.765638096,5.462391927805773E-7,523000.0,83.53326959847035,66.56997062268377,57.06786707743845,61.75034975905487,7636.0,3024.0,0.0,0.0
524000.0,6.777508457,5.471971570933468E-7,524000.0,83.56316793893129,66.61700674689747,57.07029926032258,61.74934493937913,8636.0,3024.0,0.0,0.0
525000.0,6.789399215,5.481567674890018E-7,525000.0,83.59238095238095,66.66260605091753,57.072519236136024,61.74751762971383,9636.0,3024.0,0.0,0.0
526000.0,6.801223289,5.491109963387854E-7,526000.0,83.6212927756654,66.70755949962037,57.07466791561618,61.74541643909826,10636.0,3024.0,0.0,0.0
527000.0,6.813027367,5.500656147098316E-7,527000.0,83.65047438330171,66.75304137118748,57.07823973059948,61.74471315860747,11636.0,3024.0,0.0,1.0
528000.0,6.824839447,5.510208802179271E-7,528000.0,83.67935606060605,66.79771509074932,57.080457022183694,61.74305654212245,12636.0,3024.0,0.0,0.0
529000.0,6.836616302,5.519735651207925E-7,529000.0,83.70756143667298,66.8411169613295,57.083744136715374,61.741087480523646,13636.0,3024.0,0.0,1.0
530000.0,6.848413684,5.529279105487303E-7,530000.0,83.7366037735849,66.88614074767182,57.0882370511978,61.740828691271446,14636.0,3024.0,0.0,0.0
531000.0,6.86018416,5.538800794244395E-7,531000.0,83.7659133709981,66.93152950362929,57.093296434188765,61.741117990369034,15636.0,3024.0,0.0,0.0
532000.0,6.87195555,5.548323222378851E-7,532000.0,83.79436090225563,66.97515537252863,57.09764423698955,61.74014147635995,16636.0,3024.0,0.0,0.0
533000.0,6.883959353,5.557946460844041E-7,533000.0,83.8140712945591,67.00165788354305,57.080812703971986,61.71960277947872,1017.0,3024.0,1.0,0.0
534000.0,6.895761877,5.567408337462903E-7,534000.0,83.84138576779027,67.04280875436544,57.082247378787585,61.7165801499623,2017.0,3024.0,0.0,0.0
535000.0,6.907551325,5.576859731281759E-7,535000.0,83.86971962616823,67.08570183635476,57.08196982205557,61.714181773010004,3017.0,3024.0,0.0,0.0
536000.0,6.919292839,5.58627269725299E-7,536000.0,83.89757462686566,67.12774725741575,57.08539265505822,61.71259493221661,4017.0,3024.0,0.0,0.0
537000.0,6.931026567,5.595679421324492E-7,537000.0,83.92476722532588,67.16853537021679,57.08945578907599,61.710526899414944,5017.0,3024.0,0.0,0.0
538000.0,6.942972407,5.605256191868545E-7,538000.0,83.95334572490705,67.21185324616773,57.092801335957525,61.71013939955735,6017.0,3024.0,0.0,0.0
539000.0,6.954744597,5.614693750251294E-7,539000.0,83.98014842300556,67.25145101477116,57.09252633671237,61.706100184047706,7017.0,3024.0,0.0,0.0
540000.0,6.966469901,5.62409372094965E-7,540000.0,84.0075925925926,67.29234533053302,57.09338606462896,61.703495771637385,8017.0,3024.0,0.0,0.0
541000.0,6.978208424,5.633587132018579E-7,541000.0,84.03401109057302,67.33149247873762,57.09730293547906,61.70139181405826,9017.0,3024.0,0.0,2.0
542000.0,6.989997278,5.643122467685762E-7,542000.0,84.06070110701107,67.37077298896611,57.09837612355366,61.69813746658214,10017.0,3024.0,0.0,2.0
543000.0,7.00178414,5.652656192137075E-7,543000.0,84.08729281767955,67.40982484989986,57.1003008728291,61.6953931269284,11017.0,3024.0,0.0,0.0
544000.0,7.013532457,5.66215873972308E-7,544000.0,84.11507352941176,67.45128942452274,57.10399602879127,61.69524282345431,12017.0,3024.0,0.0,0.0
545000.0,7.02530052,5.671676528071531E-7,545000.0,84.14110091743119,67.48950174178385,57.109183481048454,61.6933107003089,13017.0,3024.0,0.0,1.0
546000.0,7.037067093,5.681193111335963E-7,546000.0,84.16941391941391,67.5319224933864,57.114859836268906,61.69459376814227,14017.0,3024.0,0.0,0.0
547000.0,7.04890831,5.690770065265771E-7,547000.0,84.19725776965265,67.57329366976198,57.119116596555294,61.69482061826434,15017.0,3024.0,0.0,0.0
548000.0,7.060672174,5.70028445754188E-7,548000.0,84.2242700729927,67.61313376790213,57.12521573528537,61.69480260534361,16017.0,3024.0,0.0,0.0
549000.0,7.072427987,5.709792338320387E-7,549000.0,84.2511839708561,67.65257652834079,57.12876098296278,61.69376633733552,17017.0,3024.0,0.0,0.0
550000.0,7.08417354,5.719291921003579E-7,550000.0,84.27872727272727,67.69323815799272,57.132587701033174,61.69382348511026,18017.0,3024.0,0.0,0.0
551000.0,7.095943846,5.728811523448306E-7,551000.0,84.30544464609801,67.73219087286402,57.135705292793915,61.692617776694945,19017.0,3024.0,0.0,0.0
552000.0,7.107731679,5.738345301401472E-7,552000.0,84.3322463768116,67.77133591332321,57.13974210302003,61.692024893141095,20017.0,3024.0,0.0,0.0
553000.0,7.119495596,5.747859736542986E-7,553000.0,84.35840867992766,67.80904755028494,57.14314026656096,61.69061243290166,21017.0,3024.0,0.0,0.0
554000.0,7.131248961,5.757365637425067E-7,554000.0,84.38465703971119,67.84683935922817,57.146183187199675,61.689134131651656,22017.0,3024.0,0.0,0.0
555000.0,7.143247579,5.7669837258703E-7,555000.0,84.40936936936937,67.88184199311077,57.14823398902558,61.68547087266866,118.0,2992.0,1.0,0.0
556000.0,7.154985565,5.776393863505769E-7,556000.0,84.431654676259,67.91224586817086,57.142149824231325,61.675204441709205,1118.0,3024.0,0.0,0.0
557000.0,7.166738211,5.785880697133167E-7,557000.0,84.4556552962298,67.94562554018599,57.13889686444957,61.668688407016184,2118.0,3024.0,0.0,1.0
558000.0,7.178999984,5.795684607279096E-7,558000.0,84.48064516129033,67.98090408951263,57.140736048146024,61.66550834214989,2.0,2200.0,4.0,3.0
559000.0,7.19105456,5.805348300086254E-7,559000.0,84.50196779964222,68.00911709277393,57.13267820562302,61.65364612150051,683.0,3016.0,2.0,1.0
560000.0,7.202855471,5.814873849390863E-7,560000.0,84.52642857142857,68.04352220065374,57.13140787794235,61.64873441531713,1683.0,3024.0,0.0,2.0
561000.0,7.214628764,5.824377105787688E-7,561000.0,84.55115864527629,68.07825881846632,57.13197542710734,61.64521782230798,2683.0,3024.0,0.0,0.0
562000.0,7.22642145,5.833896015974096E-7,562000.0,84.57633451957295,68.11352605031004,57.13063432872727,61.64150175239846,3683.0,3024.0,0.0,0.0
563000.0,7.238271923,5.843481191757076E-7,563000.0,84.60142095914742,68.14899185420138,57.134804794114146,61.639992743394934,4683.0,3024.0,0.0,2.0
564000.0,7.250082617,5.853034192562106E-7,564000.0,84.62730496453901,68.18563146101721,57.13635959144527,61.6388292812424,5683.0,3024.0,0.0,0.0
565000.0,7.262029652,5.862674229759725E-7,565000.0,84.65026548672566,68.21663335411628,57.13297151951916,61.63160572477713,79.0,2992.0,1.0,1.0
566000.0,7.273838551,5.87220647127672E-7,566000.0,84.66643109540635,68.2345172884155,57.10995799357549,61.60723370183098,1079.0,3024.0,0.0,5.0
567000.0,7.285599982,5.881700396229205E-7,567000.0,84.68959435626103,68.26579305388906,57.105869099030535,61.60038925996373,2079.0,3024.0,0.0,0.0
568000.0,7.297361476,5.891194372035814E-7,568000.0,84.71426056338028,68.30008623136456,57.106651648091066,61.59752661586027,3079.0,3024.0,0.0,0.0
569000.0,7.309114105,5.90068119194067E-7,569000.0,84.73866432337435,68.33391837699345,57.10778744801289,61.5947316978245,4079.0,3024.0,0.0,0.0
570000.0,7.320872663,5.910171337648919E-7,570000.0,84.76157894736842,68.3646560384428,57.10242986961674,61.58738020794176,5079.0,3024.0,0.0,2.0
571000.0,7.33263907,5.919667818160607E-7,571000.0,84.78633975481611,68.39888547349668,57.10377656632693,61.58523372999552,6079.0,3024.0,0.0,0.0
572000.0,7.344400962,5.929160654687388E-7,572000.0,84.81083916083915,68.43280265355433,57.105899777832626,61.58315499036063,7079.0,3024.0,0.0,0.0
573000.0,7.356173636,5.93866268049127E-7,573000.0,84.83455497382198,68.46497718749708,57.105624278084356,61.579138185644666,8079.0,3024.0,0.0,3.0
574000.0,7.367944996,5.948163645732199E-7,574000.0,84.85975609756098,68.49986737933223,57.10852055119043,61.578591355017274,9079.0,3024.0,0.0,0.0
575000.0,7.379719385,5.95768752516436E-7,575000.0,84.884,68.53289816306423,57.110641783532536,61.57668350949786,10079.0,3024.0,0.0,2.0
576000.0,7.391504184,5.967220800466301E-7,576000.0,84.90868055555556,68.56675531558002,57.11297277562338,61.57559254904389,11079.0,3024.0,0.0,1.0
577000.0,7.403270427,5.976739064951638E-7,577000.0,84.93327556325823,68.6005070596156,57.11657228547189,61.57484143295986,12079.0,3024.0,0.0,0.0
578000.0,7.415019967,5.986224850404908E-7,578000.0,84.95692041522491,68.63223617077662,57.11685852099547,61.57188063501042,13079.0,3024.0,0.0,1.0
579000.0,7.426785828,5.995723812331843E-7,579000.0,84.98186528497409,68.66647840827547,57.11982089493357,61.57160660780101,14079.0,3024.0,0.0,0.0
580000.0,7.438540712,6.00521391216997E-7,580000.0,85.00568965517242,68.69859710396031,57.121938232161874,61.56953030751623,15079.0,3024.0,0.0,0.0
581000.0,7.450612615,6.0149599517486E-7,581000.0,85.02960413080896,68.73076442294855,57.12454772209681,61.56789621591051,16079.0,3024.0,0.0,0.0
582000.0,7.46238246,6.024480399292112E-7,582000.0,85.05292096219931,68.76169893119298,57.12483242646478,61.56459729690322,17079.0,3024.0,0.0,2.0
583000.0,7.474141065,6.033991754971594E-7,583000.0,85.07650085763294,68.7935864344516,57.130327666913026,61.56388054426576,18079.0,3024.0,0.0,0.0
584000.0,7.486033646,6.043611481787662E-7,584000.0,85.1001712328767,68.82534875467047,57.133356322971565,61.562417174662066,19079.0,3024.0,0.0,0.0
585000.0,7.498442718,6.053648990271389E-7,585000.0,85.12393162393163,68.85726258747556,57.13687632369601,61.56139575971732,20079.0,3024.0,0.0,0.0
586000.0,7.510407572,6.063303653207612E-7,586000.0,85.14641638225255,68.88671473198848,57.1373699968484,61.557622492513964,210.0,3000.0,1.0,1.0
587000.0,7.522892905,6.073379075508175E-7,587000.0,85.16814310051107,68.91432263782846,57.13504997292108,61.55157414072541,1210.0,3024.0,0.0,0.0
588000.0,7.534662032,6.082895288654587E-7,588000.0,85.19030612244897,68.94313720800699,57.13716147704787,61.54820990161964,2210.0,3024.0,0.0,1.0
589000.0,7.546711077,6.092631352729665E-7,589000.0,85.21307300509338,68.97316115300646,57.1412402688791,61.546442731374775,3210.0,3024.0,0.0,1.0
590000.0,7.560071939,6.10341358652018E-7,590000.0,85.23372881355932,68.99881183987,57.13730467981264,61.53852945721032,204.0,2968.0,3.0,2.0
591000.0,7.572071362,6.113098875572806E-7,591000.0,85.25566835871405,69.0267455600167,57.135197355475974,61.533639690464526,1204.0,3024.0,0.0,0.0
592000.0,7.583830812,6.122590471322859E-7,592000.0,85.27939189189189,69.0580078235936,57.13554936893155,61.53207793698298,2204.0,3024.0,0.0,0.0
593000.0,7.595614608,6.132122935251172E-7,593000.0,85.30134907251265,69.08586900449303,57.135621059671685,61.52830988153457,3204.0,3024.0,0.0,1.0
594000.0,7.607387365,6.141642570821449E-7,594000.0,85.32390572390572,69.11489687835149,57.13555188419479,61.52528908111925,4204.0,3024.0,0.0,1.0
595000.0,7.619162468,6.15116800257533E-7,595000.0,85.34571428571428,69.14247972150791,57.136044991102054,61.52152231666091,5204.0,3024.0,0.0,1.0
596000.0,7.630993826,6.160738941630787E-7,596000.0,85.36778523489933,69.17085671701288,57.139206165097214,61.51931800130611,6204.0,3024.0,0.0,0.0
597000.0,7.64281473,6.17030142395652E-7,597000.0,85.39028475711893,69.19967114383601,57.13920666745294,61.51640031415183,7204.0,3024.0,0.0,0.0
598000.0,7.654587891,6.179821873523547E-7,598000.0,85.41321070234113,69.22955102639648,57.142365819625404,61.51548574958087,8204.0,3024.0,0.0,1.0
599000.0,7.666350405,6.189333713319032E-7,599000.0,85.43606010016694,69.2593658805504,57.1463659049378,61.51491088759485,9204.0,3024.0,0.0,0.0
600000.0,7.678543576,6.199189769321871E-7,600000.0,85.44866666666667,69.26911357803068,57.13219553390812,61.493033656327036,261.0,3016.0,3.0,5.0
601000.0,7.690741495,6.209054712232704E-7,601000.0,85.43843594009984,69.25037610472128,57.13641996169877,61.47937849377173,832.0,3024.0,2.0,15.0
602000.0,7.702650692,6.218684921795879E-7,602000.0,85.44418604651163,69.26935319837202,57.186063214880754,61.520795000944126,1832.0,3024.0,0.0,2.0
603000.0,7.714552937,6.228289310696601E-7,603000.0,85.45140961857379,69.29085305129387,57.24110367550652,61.562593105382135,2832.0,3024.0,0.0,2.0
604000.0,7.72663352,6.238040857798672E-7,604000.0,85.45364238410596,69.30108578746288,57.28918034699504,61.58907391458314,260.0,3024.0,1.0,6.0
605000.0,7.738582783,6.247704455396268E-7,605000.0,85.45504132231405,69.30996319008639,57.325477073785805,61.61359274123189,1260.0,3024.0,0.0,2.0
606000.0,7.750487352,6.257332647233915E-7,606000.0,85.45742574257426,69.32073710962388,57.3721328444698,61.64028188264176,2260.0,3024.0,0.0,4.0
607000.0,7.762345653,6.266920964181323E-7,607000.0,85.45996705107083,69.33303506784783,57.41574389037658,61.67228321289605,3260.0,3024.0,0.0,4.0
608000.0,7.774188262,6.276499289029902E-7,608000.0,85.46282894736842,69.3454885372774,57.452728463049255,61.70301268247028,4260.0,3024.0,0.0,1.0
609000.0,7.786374236,6.286349779712804E-7,609000.0,85.45862068965518,69.3443239601789,57.46705217859065,61.71650404852175,563.0,3024.0,2.0,5.0
610000.0,7.798406862,6.295996125071892E-7,610000.0,85.45524590163934,69.34264404024675,57.496335188893454,61.72730331553201,203.0,3024.0,1.0,6.0
611000.0,7.810232586,6.305561772283563E-7,611000.0,85.45957446808511,69.35784424773058,57.54123196474913,61.76190824614034,1203.0,3024.0,0.0,1.0
612000.0,7.822045334,6.315108366701568E-7,612000.0,85.46160130718954,69.36921919291622,57.5762054842201,61.79018204149291,2203.0,3024.0,0.0,4.0
613000.0,7.833839777,6.324648467092467E-7,613000.0,85.46704730831975,69.3860355100761,57.62443395867424,61.823565710759546,3203.0,3024.0,0.0,2.0
614000.0,7.845634359,6.334188679915462E-7,614000.0,85.4700325732899,69.39769263074137,57.663104345020024,61.85153510647395,4203.0,3024.0,0.0,1.0
615000.0,7.857425089,6.343725044929445E-7,615000.0,85.47252032520325,69.40867850761184,57.70257730982634,61.87908008704185,5203.0,3024.0,0.0,4.0
616000.0,7.86922777,6.353246649039001E-7,616000.0,85.47646103896103,69.42310388825426,57.751700037778605,61.910823686686555,6203.0,3024.0,0.0,2.0
617000.0,7.881026061,6.362787420157531E-7,617000.0,85.48119935170179,69.43827072730345,57.794979552607295,61.94374466313497,7203.0,3024.0,0.0,3.0
618000.0,7.892831506,6.372313208684514E-7,618000.0,85.48543689320388,69.45358079410583,57.83605416915404,61.976863960255855,8203.0,3024.0,0.0,2.0
619000.0,7.904849785,6.382036600537538E-7,619000.0,85.48465266558965,69.45763961663145,57.86714434430302,61.99576179780982,268.0,3024.0,1.0,4.0
620000.0,7.916675701,6.391585025816847E-7,620000.0,85.48629032258064,69.46740617252107,57.90155743418685,62.02187060804681,1268.0,3024.0,0.0,1.0
621000.0,7.928475564,6.401112415505865E-7,621000.0,85.48647342995169,69.47359044993408,57.93475217026044,62.04263670361511,2268.0,3024.0,0.0,0.0
622000.0,7.940246539,6.410616480582272E-7,622000.0,85.49308681672025,69.4937192703494,57.98797834052676,62.08474448076776,3268.0,3024.0,0.0,0.0
623000.0,7.952293759,6.420343590092723E-7,623000.0,85.49695024077046,69.50679453584728,58.02973787747177,62.11397590664559,4268.0,3024.0,0.0,0.0
624000.0,7.964144808,6.429927269609543E-7,624000.0,85.50272435897436,69.52382130866297,58.07336685746066,62.147471839590274,5268.0,3024.0,0.0,4.0
625000.0,7.975963413,6.439482510999054E-7,625000.0,85.50592,69.53649480630664,58.11056391759728,62.1773058825003,6268.0,3024.0,0.0,2.0
626000.0,7.987800932,6.449058188985704E-7,626000.0,85.51118210862619,69.55375840911537,58.15860977713807,62.21400123314835,7268.0,3024.0,0.0,2.0
627000.0,7.999979624,6.458904809695898E-7,627000.0,85.507336523126,69.55116782689707,58.17499769860998,62.226369917110766,938.0,3024.0,2.0,3.0
628000.0,8.012021771,6.468641032111688E-7,628000.0,85.51257961783439,69.56758010807994,58.21729705898561,62.25904001792033,1938.0,3024.0,0.0,0.0
629000.0,8.024235893,6.478520342954788E-7,629000.0,85.5127186009539,69.5729680435775,58.248379189480204,62.277702344681416,581.0,3024.0,1.0,2.0
630000.0,8.036226324,6.488213511581907E-7,630000.0,85.51396825396826,69.58074812243746,58.27851203020924,62.298244671841616,1581.0,3024.0,0.0,2.0
631000.0,8.048270914,6.497869448270092E-7,631000.0,85.51616481774961,69.59115016573352,58.31676214105887,62.32630229480897,627.0,3024.0,1.0,1.0
632000.0,8.060119905,6.507453180119894E-7,632000.0,85.52167721518987,69.60820797463285,58.36306219398991,62.36101798796414,1627.0,3024.0,0.0,1.0
633000.0,8.072236405,6.517248013258479E-7,633000.0,85.51879936808847,69.60732439977532,58.38319819124498,62.37367725410679,880.0,3024.0,2.0,6.0
634000.0,8.08412753,6.526865824040213E-7,634000.0,85.51940063091482,69.61372706155952,58.419047877857324,62.39467831059299,1880.0,3024.0,0.0,5.0
635000.0,8.096193373,6.536622952968049E-7,635000.0,85.52015748031496,69.61947472973334,58.44823145022438,62.41384948698035,219.0,3024.0,1.0,5.0
636000.0,8.108119337,6.546269682782062E-7,636000.0,85.52154088050314,69.62851737347094,58.48208448494303,62.44116327446262,1219.0,3024.0,0.0,6.0
637000.0,8.119988385,6.555868163332013E-7,637000.0,85.52496075353218,69.64195288503402,58.51845853465419,62.47380052175118,2219.0,3024.0,0.0,2.0
638000.0,8.132007554,6.56559103149273E-7,638000.0,85.52978056426332,69.65681523765102,58.553688955132756,62.50401075491546,687.0,3024.0,1.0,2.0
639000.0,8.144192443,6.575359443430086E-7,639000.0,85.52503912363068,69.6500466529533,58.57443568613401,62.50618174742799,652.0,3024.0,2.0,4.0
640000.0,8.156055946,6.58495442185816E-7,640000.0,85.52640625,69.65681926216068,58.60566546159792,62.52685148851301,1652.0,3024.0,0.0,3.0
641000.0,8.167925461,6.594551314852988E-7,641000.0,85.53042121684868,69.67030728634252,58.646180735139374,62.55762694074618,2652.0,3024.0,0.0,1.0
642000.0,8.179792899,6.604133265629557E-7,642000.0,85.53317757009346,69.68142265963102,58.68203535807389,62.58354315641051,3652.0,3024.0,0.0,2.0
643000.0,8.191647829,6.613705117255803E-7,643000.0,85.53872472783826,69.69722818504181,58.72791833111406,62.61448524859079,4652.0,3024.0,0.0,0.0
644000.0,8.203476906,6.623256094774813E-7,644000.0,85.5448757763975,69.71390687697972,58.77061668467765,62.644960394212,5652.0,3024.0,0.0,0.0
645000.0,8.215331799,6.632846072392934E-7,645000.0,85.54976744186047,69.72882409526963,58.80285892352779,62.67689670914057,6652.0,3024.0,0.0,5.0
646000.0,8.227343292,6.642475475796336E-7,646000.0,85.55356037151702,69.74197326804729,58.83805860870485,62.70545687054169,41.0,3024.0,1.0,1.0
647000.0,8.239176375,6.652048544979492E-7,647000.0,85.5548686244204,69.74972784131003,58.86606604491899,62.72930291912585,1041.0,3024.0,0.0,3.0
648000.0,8.251013989,6.661623074854438E-7,648000.0,85.5587962962963,69.76350534211349,58.90196181767875,62.758777131304754,2041.0,3024.0,0.0,2.0
649000.0,8.262847134,6.671195949296699E-7,649000.0,85.56471494607088,69.77965349249592,58.94717930291053,62.7903374428063,3041.0,3024.0,0.0,1.0
650000.0,8.274694615,6.680777479039778E-7,650000.0,85.56830769230768,69.79232504345609,58.98097416141571,62.81862754812856,4041.0,3024.0,0.0,2.0
651000.0,8.286528383,6.690347673621259E-7,651000.0,85.57204301075268,69.80368240408993,59.01756651802466,62.84190620870817,5041.0,3024.0,0.0,4.0
652000.0,8.298665216,6.70007755990573E-7,652000.0,85.5680981595092,69.80019700739344,59.03116115240097,62.84843411930067,166.0,3024.0,2.0,6.0
653000.0,8.310529739,6.70966771566717E-7,653000.0,85.57258805513017,69.81356447615991,59.073038710994695,62.87514580246525,1166.0,3024.0,0.0,5.0
654000.0,8.322570799,6.719401314812964E-7,654000.0,85.5711009174312,69.81539920267068,59.09746995106349,62.890064297933435,693.0,3024.0,1.0,3.0
655000.0,8.334836893,6.729301084778895E-7,655000.0,85.57511450381679,69.82731252104492,59.13435753706684,62.91584896773688,1693.0,3024.0,0.0,3.0
656000.0,8.346861202,6.739025373512447E-7,656000.0,85.57896341463415,69.84003857980763,59.17047906776003,62.94360967049497,2693.0,3024.0,0.0,1.0
657000.0,8.358984282,6.748825776743995E-7,657000.0,85.57701674277016,69.83989248225922,59.1863895768278,62.954086978278866,424.0,3024.0,1.0,2.0
658000.0,8.370929648,6.758490178314786E-7,658000.0,85.57765957446809,69.8457504569778,59.21655421376081,62.97419090536667,1424.0,3024.0,0.0,5.0
659000.0,8.383096381,6.768326374617718E-7,659000.0,85.57981790591805,69.85609664992933,59.24755345518169,63.00113298785638,2424.0,3024.0,0.0,5.0
660000.0,8.395219544,6.778123332323737E-7,660000.0,85.58621212121213,69.87489553935548,59.285350498388645,63.03812321273158,3424.0,3024.0,0.0,2.0
661000.0,8.407145576,6.78774568177969E-7,661000.0,85.59062027231468,69.8890594443876,59.32474099127955,63.068058442162744,4424.0,3024.0,0.0,3.0
662000.0,8.418997325,6.797308097052618E-7,662000.0,85.59546827794561,69.90474564805712,59.36402686394163,63.10246091936232,5424.0,3024.0,0.0,0.0
663000.0,8.430883646,6.80692005425069E-7,663000.0,85.59879336349925,69.91679947448796,59.39716613652215,63.130437468866695,6424.0,3024.0,0.0,6.0
664000.0,8.442963991,6.816691660493595E-7,664000.0,85.5960843373494,69.91657506352529,59.40991983159968,63.144022011391044,730.0,3024.0,1.0,5.0
665000.0,8.454891043,6.826340257745964E-7,665000.0,85.5963909774436,69.92180394115924,59.43933940292187,63.16226693741922,1730.0,3024.0,0.0,1.0
666000.0,8.468540883,6.837382251974923E-7,666000.0,85.5996996996997,69.93302701369309,59.46834587101682,63.188399121796955,2730.0,3024.0,0.0,2.0
667000.0,8.48041622,6.846987784610568E-7,667000.0,85.60389805097451,69.94582969391669,59.51172204418958,63.21475363362627,3730.0,3024.0,0.0,1.0
668000.0,8.49228347,6.856582109462597E-7,668000.0,85.60883233532934,69.96101133655654,59.553771651920016,63.24615096402724,4730.0,3024.0,0.0,4.0
669000.0,8.504134761,6.8661466079547E-7,669000.0,85.61315396113602,69.97453430708217,59.59022587958687,63.275055517822935,5730.0,3024.0,0.0,1.0
670000.0,8.518906337,6.878066678433517E-7,670000.0,85.61671641791044,69.98638956313015,59.62409448752916,63.301802007646714,6730.0,3024.0,0.0,2.0
671000.0,8.541179627,6.896038948885003E-7,671000.0,85.62056631892698,69.99850951243337,59.65663441516627,63.32850643649589,7730.0,3024.0,0.0,1.0
672000.0,8.553218417,6.9057749486803E-7,672000.0,85.62291666666667,70.00712904472947,59.6897478262321,63.34811588814829,8730.0,3024.0,0.0,7.0
673000.0,8.565166198,6.915439078659857E-7,673000.0,85.62481426448737,70.01603457924516,59.71694224339302,63.37220308181577,9730.0,3024.0,0.0,7.0
674000.0,8.577068698,6.925049092696155E-7,674000.0,85.62804154302671,70.02744047406306,59.75562636842172,63.39876442916251,10730.0,3024.0,0.0,4.0
675000.0,8.588959538,6.934665196402416E-7,675000.0,85.63348148148148,70.04349375053268,59.79319037431381,63.4308771400558,11730.0,3024.0,0.0,2.0
676000.0,8.600837429,6.944270828272634E-7,676000.0,85.63713017751479,70.0544584582704,59.823641622563294,63.452294465503044,12730.0,3024.0,0.0,0.0
677000.0,8.613047198,6.95414712360897E-7,677000.0,85.63633677991137,70.05769186065626,59.84506559522973,63.46922522089318,557.0,3024.0,2.0,5.0
678000.0,8.624981312,6.963800445833289E-7,678000.0,85.63967551622419,70.07030616685051,59.873475107154626,63.49850227002628,1557.0,3024.0,0.0,0.0
679000.0,8.637229101,6.973618523155323E-7,679000.0,85.63519882179676,70.06531724085,59.882778760334,63.50373430320448,30.0,3000.0,3.0,8.0
680000.0,8.649118985,6.983213183553439E-7,680000.0,85.63573529411764,70.07064236227727,59.905342834624975,63.521371351744996,1030.0,3024.0,0.0,4.0
681000.0,8.661008412,6.99280747517085E-7,681000.0,85.63759177679883,70.07980510250715,59.934622584701856,63.547051391471896,2030.0,3024.0,0.0,0.0
682000.0,8.672885779,7.002415633059091E-7,682000.0,85.63944281524927,70.08819421753594,59.96132635081825,63.567613010743095,3030.0,3024.0,0.0,2.0
683000.0,8.684790536,7.012045947999864E-7,683000.0,85.64275256222548,70.09936183340656,59.9931458785515,63.592079810794665,4030.0,3024.0,0.0,0.0
684000.0,8.696664708,7.021650538308944E-7,684000.0,85.64634502923977,70.11127210072428,60.02792943542642,63.61813849557358,5030.0,3024.0,0.0,1.0
685000.0,8.708561063,7.03126863991064E-7,685000.0,85.64934306569343,70.12160609072208,60.056561683522744,63.6407348638682,6030.0,3024.0,0.0,3.0
686000.0,8.720472621,7.040881529925934E-7,686000.0,85.6533527696793,70.13422143254923,60.09228997542719,63.6666359021689,7030.0,3024.0,0.0,5.0
687000.0,8.732359165,7.050494159463715E-7,687000.0,85.65604075691412,70.14410651134493,60.12358318394633,63.68992567973382,8030.0,3024.0,0.0,3.0
688000.0,8.744305051,7.060150081362001E-7,688000.0,85.6578488372093,70.15185820409299,60.158600055719994,63.7094520044134,9030.0,3024.0,0.0,6.0
689000.0,8.75651675,7.070028696047871E-7,689000.0,85.66415094339622,70.16844067588649,60.20066081070189,63.739753233261,10030.0,3024.0,0.0,1.0
690000.0,8.768500551,7.079720225186837E-7,690000.0,85.67057971014492,70.18539935319488,60.24055203918318,63.77030919071035,11030.0,3024.0,0.0,1.0
691000.0,8.780494542,7.089418009347162E-7,691000.0,85.6726483357453,70.19428805515717,60.267287394148575,63.79388531304856,12030.0,3024.0,0.0,4.0
692000.0,8.792688848,7.099260345104734E-7,692000.0,85.671387283237,70.196385730357,60.290430840455286,63.80950295279185,746.0,3024.0,1.0,7.0
693000.0,8.804712501,7.108963200572861E-7,693000.0,85.67619047619047,70.21002159041714,60.328041820536185,63.83627520629541,1746.0,3024.0,0.0,2.0
694000.0,8.816645684,7.11860984244941E-7,694000.0,85.68112391930836,70.22360869553779,60.36747814434305,63.862392494136046,2746.0,3024.0,0.0,1.0
695000.0,8.828546496,7.128234256796357E-7,695000.0,85.68820143884892,70.24231479753148,60.40657429116196,63.89648100760422,3746.0,3024.0,0.0,2.0
696000.0,8.840465388,7.137874772829628E-7,696000.0,85.68864942528735,70.24714577394803,60.428973807887424,63.913514453505684,4746.0,3024.0,0.0,9.0
697000.0,8.852557533,7.147657425470344E-7,697000.0,85.68737446197991,70.24809349692582,60.44386112388778,63.92549252176932,740.0,3024.0,1.0,6.0
698000.0,8.864497916,7.15731433587975E-7,698000.0,85.689111747851,70.25583776970814,60.47466801728366,63.94591707091707,1740.0,3024.0,0.0,3.0
699000.0,8.876398662,7.166933278283792E-7,699000.0,85.69227467811159,70.2655817688022,60.50492844280164,63.967271469541295,2740.0,3024.0,0.0,4.0
700000.0,8.88828649,7.176544485878679E-7,700000.0,85.69571428571429,70.2770534242845,60.53787977315095,63.99341215730272,3740.0,3024.0,0.0,5.0
701000.0,8.90032273,7.186193479415509E-7,701000.0,85.69828815977175,70.28536839203603,60.57237018043384,64.01252050555848,54.0,3016.0,1.0,2.0
702000.0,8.912201052,7.195801672344638E-7,702000.0,85.69871794871796,70.28897494910173,60.594642331468954,64.02657293043956,1054.0,3024.0,0.0,5.0
703000.0,8.924126034,7.205448841834425E-7,703000.0,85.70142247510668,70.2970878367148,60.62417492880393,64.04346877380999,2054.0,3024.0,0.0,3.0
704000.0,8.936010854,7.215063520740909E-7,704000.0,85.70383522727273,70.30561613273946,60.65557749066672,64.0645976748836,3054.0,3024.0,0.0,0.0
705000.0,8.947887209,7.224671351562445E-7,705000.0,85.70666666666666,70.3160370880242,60.68157963533069,64.08978978015828,4054.0,3024.0,0.0,0.0
706000.0,8.959958436,7.234432334646194E-7,706000.0,85.7028328611898,70.31204795250643,60.692853777166825,64.09778514442623,524.0,3024.0,1.0,9.0
707000.0,8.971876808,7.24407366339749E-7,707000.0,85.7062234794908,70.32274792473197,60.72482073803464,64.12105332296626,1524.0,3024.0,0.0,4.0
708000.0,8.984282791,7.254109957011049E-7,708000.0,85.70579096045198,70.32638074683246,60.74390423658467,64.1377184185628,264.0,3024.0,1.0,5.0
709000.0,8.997560698,7.264849703232576E-7,709000.0,85.7062059238364,70.33057722963527,60.76630043436854,64.15263859755859,1264.0,3024.0,0.0,3.0
710000.0,9.009491535,7.274479880275065E-7,710000.0,85.70760563380281,70.3363949690755,60.78964756432599,64.167952570454,2264.0,3024.0,0.0,2.0
711000.0,9.021614839,7.284285482682024E-7,711000.0,85.7070323488045,70.3391075488109,60.804483322533876,64.181308707682,720.0,3024.0,1.0,5.0
712000.0,9.033566439,7.293948991448251E-7,712000.0,85.7066011235955,70.34159699641953,60.82146005689933,64.19459025852485,1720.0,3024.0,0.0,6.0
713000.0,9.045472656,7.303575805628119E-7,713000.0,85.70953716690042,70.35082589587864,60.85240938395691,64.21549862152527,2720.0,3024.0,0.0,0.0
714000.0,9.058118801,7.313807172637086E-7,714000.0,85.71358543417367,70.36337963452975,60.88750340300384,64.24176987551837,3720.0,3024.0,0.0,1.0
715000.0,9.070790669,7.324051220857254E-7,715000.0,85.7193006993007,70.37873610595464,60.923310077727066,64.27064269942859,4720.0,3024.0,0.0,1.0
716000.0,9.082682881,7.333670156951067E-7,716000.0,85.725,70.39364161749799,60.959129106187916,64.29853853462247,5720.0,3024.0,0.0,1.0
717000.0,9.094583336,7.343289849320328E-7,717000.0,85.72761506276152,70.40239955760053,60.98121754249504,64.3192864763844,6720.0,3024.0,0.0,5.0
718000.0,9.106467447,7.352896330072715E-7,718000.0,85.733286908078,70.4177543388598,61.014123745475736,64.34749316951779,7720.0,3024.0,0.0,0.0
719000.0,9.118358334,7.362494506890932E-7,719000.0,85.73866481223922,70.43171511976028,61.05103222988244,64.37379047248444,8720.0,3024.0,0.0,1.0
720000.0,9.130249851,7.372114603591261E-7,720000.0,85.74208333333333,70.44197260259237,61.07953791500638,64.39514017265357,9720.0,3024.0,0.0,2.0
721000.0,9.14234177,7.381894821100543E-7,721000.0,85.73925104022192,70.43952384993202,61.091054953870824,64.39997230108717,837.0,3024.0,1.0,11.0
722000.0,9.154268986,7.391544291562614E-7,722000.0,85.7426592797784,70.44905929717726,61.120113008434075,64.41874291402814,1837.0,3024.0,0.0,3.0
723000.0,9.166167709,7.401167016495295E-7,723000.0,85.74550484094053,70.45771050594898,61.14345177052542,64.43889293367057,2837.0,3024.0,0.0,3.0
724000.0,9.178057774,7.410761576875699E-7,724000.0,85.74861878453038,70.46791902258273,61.171405777249255,64.46345604772186,3837.0,3024.0,0.0,2.0
725000.0,9.189934981,7.42034625325367E-7,725000.0,85.75062068965518,70.47556843728597,61.19508383917304,64.48310241688728,4837.0,3024.0,0.0,5.0
726000.0,9.201806909,7.429926669580723E-7,726000.0,85.7538567493113,70.48584057715847,61.223648149606156,64.50576716508061,5837.0,3024.0,0.0,0.0
727000.0,9.213676099,7.439523545447805E-7,727000.0,85.75804676753783,70.49749628273263,61.25675412731438,64.52819716949136,6837.0,3024.0,0.0,2.0
728000.0,9.225642439,7.449177178560514E-7,728000.0,85.76167582417582,70.50728901248209,61.2867925796729,64.54651484938553,7837.0,3024.0,0.0,2.0
729000.0,9.2374966,7.458765092023219E-7,729000.0,85.76502057613169,70.51751495797987,61.31539511060414,64.5698970620871,8837.0,3024.0,0.0,3.0
730000.0,9.249584037,7.468536931306088E-7,730000.0,85.7650684931507,70.52169530855768,61.333665738907825,64.5864643717646,833.0,3024.0,1.0,5.0
731000.0,9.261750709,7.47835469673736E-7,731000.0,85.76771545827634,70.52963834723458,61.35892617050833,64.60377512554267,1833.0,3024.0,0.0,3.0
732000.0,9.274633328,7.488771250852887E-7,732000.0,85.77349726775955,70.54499761341047,61.39619885750718,64.63268432009835,2833.0,3024.0,0.0,1.0
733000.0,9.286510563,7.498353245895031E-7,733000.0,85.77803547066848,70.55788662657581,61.42486049644027,64.65784076076824,3833.0,3024.0,0.0,2.0
734000.0,9.298384186,7.507956163451868E-7,734000.0,85.78174386920982,70.56755585817719,61.454051199089946,64.6762161357144,4833.0,3024.0,0.0,3.0
735000.0,9.310279173,7.517555926484021E-7,735000.0,85.78639455782313,70.57949692006177,61.48415235272214,64.69749398502339,5833.0,3024.0,0.0,5.0
736000.0,9.322207387,7.527180036455669E-7,736000.0,85.78994565217391,70.58936247725931,61.51573245806089,64.71695567100736,6833.0,3024.0,0.0,6.0
737000.0,9.334672564,7.537237645373894E-7,737000.0,85.78914518317504,70.59113655756428,61.53006989924664,64.7302080141168,516.0,3024.0,1.0,6.0
738000.0,9.347030204,7.547208487366127E-7,738000.0,85.79159891598917,70.59886261763134,61.55879387773807,64.74709610180034,1516.0,3024.0,0.0,0.0
739000.0,9.358899679,7.556785450261611E-7,739000.0,85.7936400541272,70.6061572036678,61.583217151702094,64.76481347854542,2516.0,3024.0,0.0,0.0
740000.0,9.370751894,7.566348486814137E-7,740000.0,85.79513513513514,70.61244517236828,61.605528546747564,64.78042210152817,3516.0,3024.0,0.0,0.0
741000.0,9.382845673,7.576130709320562E-7,741000.0,85.79500674763833,70.61523839977778,61.62128460169763,64.79161091784854,399.0,3024.0,1.0,6.0
742000.0,9.394753805,7.585744777700395E-7,742000.0,85.79649595687331,70.62158536621492,61.64609892169458,64.80888476320544,1399.0,3024.0,0.0,4.0
743000.0,9.406830711,7.595426621559352E-7,743000.0,85.79434724091522,70.62022313291737,61.65404792699055,64.81475308189269,61.0,3024.0,1.0,2.0
744000.0,9.42113864,7.606976989236191E-7,744000.0,85.79314516129031,70.62068208349469,61.67159827683738,64.82386807993743,991.0,3024.0,1.0,12.0
745000.0,9.436001893,7.618997493907051E-7,745000.0,85.79530201342281,70.62804989513045,61.696605991725804,64.84184227749778,1991.0,3024.0,0.0,2.0
746000.0,9.44792318,7.628638713501856E-7,746000.0,85.7965147453083,70.63440903930012,61.71788627873198,64.86127968906487,2991.0,3024.0,0.0,7.0
747000.0,9.459801772,7.638220328267712E-7,747000.0,85.80053547523427,70.64587317813042,61.74914623459708,64.88422753246066,3991.0,3024.0,0.0,4.0
748000.0,9.471668279,7.647797843492037E-7,748000.0,85.80614973262031,70.6605877950408,61.77979372536313,64.91083114101767,4991.0,3024.0,0.0,1.0
749000.0,9.483751012,7.657572131546406E-7,749000.0,85.80493991989319,70.66081473062327,61.79777299495887,64.91924441144931,594.0,3024.0,1.0,4.0
750000.0,9.495661157,7.667182648774325E-7,750000.0,85.80693333333333,70.6689913307368,61.81881440618084,64.94061695134083,1594.0,3024.0,0.0,3.0
751000.0,9.507575687,7.676796704340194E-7,751000.0,85.81185086551265,70.6829876613659,61.846430387361515,64.96822406554423,2594.0,3024.0,0.0,0.0
752000.0,9.520100732,7.686925947856868E-7,752000.0,85.80970744680852,70.68152744114795,61.85609756969394,64.97466094240288,719.0,3024.0,2.0,5.0
753000.0,9.532026545,7.696570580990825E-7,753000.0,85.81155378486056,70.68797082688883,61.879428828327384,64.99033325687323,1719.0,3024.0,0.0,0.0
754000.0,9.543891162,7.706162777139294E-7,754000.0,85.81631299734748,70.70074371969083,61.9075265983024,65.0158981471789,2719.0,3024.0,0.0,1.0
755000.0,9.555783651,7.715782921793235E-7,755000.0,85.81880794701988,70.70861980534127,61.938550246531335,65.03433929113775,3719.0,3024.0,0.0,5.0
756000.0,9.567651681,7.725383280923886E-7,756000.0,85.8244708994709,70.72268768074733,61.97122123454161,65.0589485764962,4719.0,3024.0,0.0,0.0
757000.0,9.579517578,7.734979949996916E-7,757000.0,85.82575957727873,70.72851431848613,61.99437525679714,65.07432760130328,5719.0,3024.0,0.0,1.0
758000.0,9.591402398,7.744570277980845E-7,758000.0,85.82941952506596,70.73877131553039,62.019914148521636,65.09561798300486,6719.0,3024.0,0.0,2.0
759000.0,9.604549557,7.755199371859148E-7,759000.0,85.82173913043478,70.72621219274583,62.015410844066686,65.09210872040406,788.0,3024.0,3.0,15.0
760000.0,9.620398985,7.768019731674309E-7,760000.0,85.82263157894737,70.73050991609858,62.03181986362917,65.10423582525561,1788.0,3024.0,0.0,1.0
761000.0,9.632322115,7.777665402917985E-7,761000.0,85.82562417871222,70.7392335704618,62.05727270488835,65.12273826614417,2788.0,3024.0,0.0,4.0
762000.0,9.644948473,7.787879977301805E-7,762000.0,85.83241469816272,70.75706026196046,62.09148720253667,65.15549100298556,3788.0,3024.0,0.0,0.0
763000.0,9.656813565,7.79747746868635E-7,763000.0,85.83617300131061,70.76758721978956,62.117255279992975,65.17477064072362,4788.0,3024.0,0.0,2.0
764000.0,9.66870243,7.807072291002781E-7,764000.0,85.83835078534031,70.77477388903355,62.14006025677363,65.19057592633702,5788.0,3024.0,0.0,4.0
765000.0,9.680567745,7.81665252763671E-7,765000.0,85.84091503267975,70.78307003616742,62.166476306239296,65.21019955226807,6788.0,3024.0,0.0,4.0
766000.0,9.692425905,7.826245638918303E-7,766000.0,85.84321148825065,70.79033647205651,62.18893503070115,65.22677423906211,7788.0,3024.0,0.0,2.0
767000.0,9.704281305,7.835815907149437E-7,767000.0,85.84641460234681,70.79967101422214,62.21309478227576,65.24620393580547,8788.0,3024.0,0.0,1.0
768000.0,9.716167684,7.845411675171746E-7,768000.0,85.85143229166667,70.81224382372785,62.24505395995913,65.26793562512985,9788.0,3024.0,0.0,5.0
769000.0,9.728064974,7.855034226117889E-7,769000.0,85.85409622886866,70.82112382802599,62.27183341368081,65.28883953642722,10788.0,3024.0,0.0,3.0
770000.0,9.739939771,7.864638584682537E-7,770000.0,85.85727272727273,70.83066087355185,62.29742034434646,65.30950955032556,11788.0,3024.0,0.0,0.0
771000.0,9.752127539,7.874497083746585E-7,771000.0,85.8544747081712,70.82776310384197,62.309885438805644,65.31437839900772,795.0,3024.0,2.0,7.0
772000.0,9.764033737,7.884108605059924E-7,772000.0,85.85608808290155,70.83345987756283,62.32870568428024,65.32826550830664,1795.0,3024.0,0.0,2.0
773000.0,9.775894486,7.893683436740506E-7,773000.0,85.85808538163,70.84048946093291,62.34940381475893,65.34547690903096,2795.0,3024.0,0.0,0.0
774000.0,9.787736434,7.903257060583252E-7,774000.0,85.86175710594316,70.85048738859156,62.3752776383378,65.36674599959488,3795.0,3024.0,0.0,1.0
775000.0,9.799781888,7.912998698976248E-7,775000.0,85.86,70.8501442697553,62.3853557404509,65.37598736176936,842.0,3024.0,1.0,6.0
776000.0,9.81167966,7.922621393527945E-7,776000.0,85.86288659793814,70.8583455113425,62.40915305461612,65.39218655360388,1842.0,3024.0,0.0,1.0
777000.0,9.823542739,7.932195650958959E-7,777000.0,85.86679536679537,70.8692117749894,62.43843207005063,65.41455917459797,2842.0,3024.0,0.0,1.0
778000.0,9.835431023,7.941809687632018E-7,778000.0,85.87030848329049,70.87959440483111,62.462224559414594,65.43634923030487,3842.0,3024.0,0.0,2.0
779000.0,9.847287771,7.951397239639471E-7,779000.0,85.87394094993581,70.88927068008623,62.48985908387474,65.45426006153072,4842.0,3024.0,0.0,2.0
780000.0,9.859385742,7.961179097199301E-7,780000.0,85.87192307692307,70.88685389321179,62.49961716593899,65.45778257012728,828.0,3024.0,1.0,7.0
781000.0,9.871271573,7.970795085972511E-7,781000.0,85.87387964148527,70.8934566047025,62.52152910123009,65.47402219426553,1828.0,3024.0,0.0,2.0
782000.0,9.883136956,7.980394531709023E-7,782000.0,85.87634271099745,70.90047922950082,62.54561115557304,65.48951846493709,2828.0,3024.0,0.0,0.0
783000.0,9.894971245,7.989968821480007E-7,783000.0,85.88186462324393,70.91426735376781,62.5768470371574,65.51439071108143,3828.0,3024.0,0.0,0.0
784000.0,9.906830722,7.999539190090826E-7,784000.0,85.88316326530612,70.91970640898778,62.594800665125504,65.52965652991814,4828.0,3024.0,0.0,6.0
785000.0,9.918713228,8.009146832657156E-7,785000.0,85.88471337579617,70.92556376630458,62.61450478263069,65.5458160888803,5828.0,3024.0,0.0,7.0
786000.0,9.930595221,8.018754798166729E-7,786000.0,85.88740458015268,70.93349670478405,62.63289450635333,65.56289951538143,6828.0,3024.0,0.0,4.0
787000.0,9.942641678,8.02841223159609E-7,787000.0,85.88602287166455,70.93321529150694,62.650764456071094,65.57054385627762,330.0,3024.0,1.0,4.0
788000.0,9.954495625,8.037975438974224E-7,788000.0,85.88756345177664,70.93883672368965,62.669647562748196,65.58592069715698,1330.0,3024.0,0.0,3.0
789000.0,9.966358093,8.047547484745257E-7,789000.0,85.8894803548796,70.94558253643787,62.688347900691745,65.60270650209323,2330.0,3024.0,0.0,1.0
790000.0,9.978222281,8.057120918416238E-7,790000.0,85.89164556962025,70.9527482434434,62.70790603366648,65.6198428684679,3330.0,3024.0,0.0,0.0
791000.0,9.990081174,8.066690079453366E-7,791000.0,85.89570164348925,70.96386479043382,62.7305434829813,65.641332031647,4330.0,3024.0,0.0,0.0
792000.0,10.001955296,8.076287502641506E-7,792000.0,85.89747474747475,70.97111185293676,62.74611174298646,65.66049105633066,5330.0,3024.0,0.0,9.0
793000.0,10.014278583,8.086166865829654E-7,793000.0,85.89470365699874,70.96794551968401,62.753860139254705,65.66432042336747,87.0,3024.0,3.0,7.0
794000.0,10.026265327,8.09586350389076E-7,794000.0,85.89622166246852,70.97302180879473,62.774989196556206,65.67561271655042,1087.0,3024.0,0.0,3.0
795000.0,10.038117325,8.105446233815354E-7,795000.0,85.89761006289308,70.97864654539238,62.797195371633165,65.69171073247159,2087.0,3024.0,0.0,1.0
796000.0,10.049954275,8.115016796937363E-7,796000.0,85.90113065326634,70.98823609682293,62.82286142093809,65.71085500586625,3087.0,3024.0,0.0,0.0
797000.0,10.061811081,8.124586237048508E-7,797000.0,85.90338770388959,70.99523875702722,62.84636218430983,65.72709801409353,4087.0,3024.0,0.0,7.0
798000.0,10.073663131,8.134153065120993E-7,798000.0,85.90676691729323,71.00434704251414,62.869320901854486,65.74561403508771,5087.0,3024.0,0.0,1.0
799000.0,10.085738392,8.143833590212284E-7,799000.0,85.90738423028786,71.00796491917096,62.88788912509683,65.7581111614569,58.0,3024.0,1.0,7.0
800000.0,10.098101459,8.153811369682089E-7,800000.0,85.904625,71.0037896095394,62.89689982166242,65.75727668878396,1058.0,3024.0,0.0,8.0
801000.0,10.113116597,8.165821085514983E-7,801000.0,85.88401997503121,70.95601386610856,62.80747343837374,65.67071282403163,29.0,2312.0,10.0,14.0
802000.0,10.126772583,8.17676743700685E-7,802000.0,85.90137157107232,70.9813172879523,62.80730492674679,65.6703140560103,489.0,2984.0,9.0,0.0
803000.0,10.138688792,8.186383340626092E-7,803000.0,85.91718555417187,71.0036724506872,62.80367868114809,65.66648045371193,1489.0,3000.0,0.0,6.0
804000.0,10.1505444,8.195952304579116E-7,804000.0,85.93258706467661,71.02517481278983,62.798576437541506,65.6615276251313,2489.0,3000.0,0.0,3.0
805000.0,10.162374599,8.205500760279415E-7,805000.0,85.94745341614907,71.04565950959855,62.79264819066288,65.6555689815349,3489.0,3000.0,0.0,0.0
806000.0,10.174402308,8.215205395304189E-7,806000.0,85.96191066997518,71.06527123791805,62.78524394976943,65.64849110449936,4489.0,3000.0,0.0,5.0
807000.0,10.187344514,8.225578792185279E-7,807000.0,85.97831474597274,71.08863184347783,62.783347147123436,65.64637519240519,574.0,2960.0,6.0,1.0
808000.0,10.199782339,8.235547919168928E-7,808000.0,85.9954207920792,71.11331625932836,62.78293416127821,65.64587229495056,1574.0,2960.0,0.0,0.0
809000.0,10.211604302,8.245023422349187E-7,809000.0,86.01211372064277,71.13719613097467,62.78202412745188,65.64466721516028,2574.0,2960.0,0.0,0.0
810000.0,10.223406208,8.254484315022437E-7,810000.0,86.02888888888889,71.16118891767765,62.781198200331524,65.6436614458892,3574.0,3008.0,0.0,0.0
811000.0,10.23521707,8.263952387193202E-7,811000.0,86.04574599260172,71.18532315109391,62.78021153997948,65.64275066866229,4574.0,3008.0,0.0,0.0
812000.0,10.247392399,8.27370935532654E-7,812000.0,86.0621921182266,71.2086536643612,62.77946235356797,65.64145066394651,629.0,2904.0,1.0,0.0
813000.0,10.259646554,8.28352847796085E-7,813000.0,86.0789667896679,71.23258199186364,62.77896536981616,65.64074852153638,174.0,2872.0,2.0,0.0
814000.0,10.271615295,8.293123607835199E-7,814000.0,86.09570024570024,71.25640933800963,62.77846839913968,65.64004638765263,1174.0,3024.0,0.0,0.0
815000.0,10.28344156,8.302604517197634E-7,815000.0,86.11251533742332,71.28037756825366,62.77805548612847,65.63954353231188,2174.0,3024.0,0.0,0.0
816000.0,10.295251021,8.312071955087806E-7,816000.0,86.12892156862745,71.30352553280098,62.77690081557484,65.63823424944064,3174.0,3024.0,0.0,0.0
817000.0,10.307069322,8.321546479851033E-7,817000.0,86.14577723378213,71.32756057074931,62.77706160139961,65.6381393004921,4174.0,3024.0,0.0,0.0
818000.0,10.318902877,8.331033233478691E-7,818000.0,86.16246943765282,71.35123048749399,62.77664871121985,65.63763645857367,5174.0,3024.0,0.0,0.0
819000.0,10.330763335,8.3405415547699E-7,819000.0,86.17899877899879,71.37456469520023,62.77566214820808,65.63672572282061,6174.0,3024.0,0.0,0.0
820000.0,10.342573985,8.350009945860532E-7,820000.0,86.19536585365853,71.39755881435158,62.77508122541862,65.63582437531686,7174.0,3024.0,0.0,0.0
821000.0,10.354375331,8.359470878097442E-7,821000.0,86.21205846528623,71.42122984872627,62.775242028833,65.63572944272926,8174.0,3024.0,0.0,0.0
822000.0,10.366173217,8.368929036512998E-7,822000.0,86.22858880778588,71.44451040945216,62.77482916691331,65.63522661728544,9174.0,3024.0,0.0,0.0
823000.0,10.377971666,8.378387646275786E-7,823000.0,86.24507897934386,71.46772363139188,62.774416310424186,65.63472379489451,10174.0,3024.0,0.0,0.0
824000.0,10.389767041,8.387843791666655E-7,824000.0,86.26152912621359,71.4908401737761,62.77424828348196,65.63432529985154,11174.0,3024.0,0.0,0.0
825000.0,10.402356542,8.397913384732529E-7,825000.0,86.27769696969698,71.51338908077747,62.77317777353949,65.63321534603872,37.0,2312.0,7.0,0.0
826000.0,10.418515107,8.410863410046373E-7,826000.0,86.29394673123487,71.53605145618829,62.77268093781857,65.63251329625763,917.0,2928.0,2.0,0.0
827000.0,10.43487675,8.423974157269348E-7,827000.0,86.31015719467956,71.55861921796274,62.77242894158807,65.63191558471125,334.0,2880.0,12.0,0.0
828000.0,10.447329187,8.43393386327741E-7,828000.0,86.32644927536232,71.58133359862089,62.77201612531977,65.63141278610891,13.0,2304.0,7.0,1.0
829000.0,10.461484172,8.44527375693233E-7,829000.0,86.34282267792521,71.60419158336488,62.771932132053145,65.63121355347717,233.0,2808.0,13.0,0.0
830000.0,10.476726309,8.457464720311995E-7,830000.0,86.35903614457831,71.62672110454231,62.77151932448163,65.63071076005853,47.0,2304.0,11.0,1.0
831000.0,10.488821573,8.467227367066579E-7,831000.0,86.37496991576414,71.64868497808287,62.77093855218857,65.62980951658194,927.0,3000.0,2.0,1.0
832000.0,10.500737496,8.476845506021512E-7,832000.0,86.3908653846154,71.67056170926159,62.76986814848915,65.62869961690943,1927.0,3008.0,0.0,0.0
833000.0,10.512608011,8.486426993140607E-7,833000.0,86.40696278511405,71.69281806330225,62.76970019793907,65.62830117658488,2927.0,3008.0,0.0,0.0
834000.0,10.52447171,8.496002978609924E-7,834000.0,86.42302158273381,71.71501287799902,62.769777076346436,65.62800707887236,3927.0,3008.0,0.0,0.0
835000.0,10.536346155,8.505587637895042E-7,835000.0,86.4391616766467,71.73735467422347,62.769937924141196,65.62791220065992,4927.0,3008.0,0.0,0.0
836000.0,10.548247925,8.515194353016453E-7,836000.0,86.45538277511962,71.75984324698047,62.7701827411835,65.62801653745515,5927.0,3008.0,0.0,0.0
837000.0,10.560105929,8.524765741670118E-7,837000.0,86.47132616487455,71.78174301605563,62.77001479533125,65.62761811095326,6927.0,3008.0,0.0,0.0
838000.0,10.571929982,8.53430997091071E-7,838000.0,86.48687350835323,71.80288036883248,62.76935014038756,65.62651772705198,7927.0,3016.0,0.0,0.0
839000.0,10.583738917,8.54384199708881E-7,839000.0,86.50297973778306,71.82513376029813,62.76983975644556,65.62672640404075,8927.0,3016.0,0.0,0.0
840000.0,10.595536541,8.553364893167701E-7,840000.0,86.51880952380952,71.84677245880276,62.769671823938246,65.6263279950462,9927.0,3016.0,0.0,0.0
841000.0,10.607325428,8.562880736848326E-7,841000.0,86.53448275862068,71.86812332769608,62.76893032797665,65.62552171075598,10927.0,3016.0,0.0,0.0
842000.0,10.61913002,8.572409257410577E-7,842000.0,86.55035629453681,71.88985391800841,62.76909117209998,65.62542685166352,11927.0,3016.0,0.0,0.0
843000.0,10.630934639,8.581937799766894E-7,843000.0,86.56595492289443,71.91103342200161,62.76859449792226,65.6247249194868,12927.0,3016.0,0.0,0.0
844000.0,10.642728819,8.59145791589161E-7,844000.0,86.58175355450237,71.93259406651525,62.768755342231586,65.62463006638318,13927.0,3016.0,0.0,0.0
845000.0,10.654524657,8.600979370333406E-7,845000.0,86.59763313609467,71.95430394004481,62.769000138075235,65.62473440744023,14927.0,3016.0,0.0,0.0
846000.0,10.666319645,8.610500138665721E-7,846000.0,86.61335697399527,71.97569725962704,62.7689161823107,65.62453521443119,15927.0,3016.0,0.0,0.0
847000.0,10.67831094,8.620110867961275E-7,847000.0,86.62821723730815,71.995349138928,62.76726541131917,65.6225243354975,463.0,2944.0,1.0,0.0
848000.0,10.690135185,8.629590157925116E-7,848000.0,86.6432783018868,72.01538707256522,62.765782587542255,65.62091185853171,1463.0,3024.0,0.0,0.0
849000.0,10.702108639,8.639189066128956E-7,849000.0,86.65865724381625,72.03603890337997,62.76528599605522,65.62020997932987,2463.0,3024.0,0.0,0.0
850000.0,10.713905938,8.648646753956901E-7,850000.0,86.67399999999999,72.05663911544478,62.76503422023233,65.61961246145253,3463.0,3024.0,0.0,0.0
851000.0,10.725708379,8.658108564036118E-7,851000.0,86.68954171562866,72.07759350916743,62.76470549561809,65.61930893815409,4463.0,3024.0,0.0,0.0
852000.0,10.737523487,8.66758052902721E-7,852000.0,86.70504694835681,72.09846532133842,62.76462157471205,65.61910976886772,5463.0,3024.0,0.0,0.0
853000.0,10.749303642,8.677024472810851E-7,853000.0,86.72039859320047,72.1190258198576,62.76420893461753,65.61860707933442,6463.0,3024.0,0.0,0.0
854000.0,10.761091795,8.686474828450905E-7,854000.0,86.73548009367681,72.13904322624832,62.763628474504976,65.61770606642811,7463.0,3024.0,0.0,0.0
855000.0,10.77287894,8.695924375995027E-7,855000.0,86.75052631578947,72.15898212026778,62.76304803728857,65.61680506993008,8463.0,3024.0,0.0,0.0
856000.0,10.784640459,8.705353379624116E-7,856000.0,86.76565420560748,72.17907280613225,62.76279632380979,65.61620760300478,9463.0,3024.0,0.0,0.0
857000.0,10.797359851,8.715526601534116E-7,857000.0,86.78074679113186,72.19908543390788,62.762544620259405,65.61561014695975,3.0,2304.0,8.0,0.0
858000.0,10.818581686,8.732534943390727E-7,858000.0,86.79568764568765,72.21878974375319,62.762209030968776,65.61481355582399,943.0,2936.0,1.0,0.0
859000.0,10.832132146,8.743397548781176E-7,859000.0,86.81071012805587,72.23868078014848,62.76171256154559,65.6141117626349,1943.0,3008.0,0.0,0.0
860000.0,10.844381855,8.753217418735025E-7,860000.0,86.82604651162791,72.2591529707137,62.7617125615456,65.6141117626349,2943.0,3008.0,0.0,0.0
861000.0,10.857191613,8.763485186528213E-7,861000.0,86.84099883855981,72.27885998222646,62.760971312876336,65.61330561330561,266.0,2976.0,9.0,0.0
862000.0,10.869436244,8.773367887462764E-7,862000.0,86.85614849187935,72.29894820213121,62.760887428101874,65.61310647493369,1266.0,2984.0,0.0,1.0
863000.0,10.881823592,8.783294505323558E-7,863000.0,86.8710312862109,72.31850218534768,62.760390989107776,65.61240470062641,331.0,2896.0,2.0,0.0
864000.0,10.894449655,8.793411633839195E-7,864000.0,86.88587962962963,72.33798115708697,62.759894563166775,65.61170293483868,761.0,2872.0,1.0,1.0
865000.0,10.906956568,8.803522331003768E-7,865000.0,86.9008092485549,72.3576455580745,62.75972681439023,65.61130467507556,1761.0,2920.0,0.0,2.0
866000.0,10.919354143,8.81354566470259E-7,866000.0,86.91558891454966,72.3769756310459,62.75923041023316,65.61060292448421,2761.0,2952.0,0.0,0.0
867000.0,10.931686727,8.823517729911277E-7,867000.0,86.92987312572087,72.39538028404668,62.75864335480479,65.60920907675546,3761.0,2992.0,0.0,0.0
868000.0,10.944085313,8.833543677207897E-7,868000.0,86.94435483870969,72.4141395699804,62.75797928278474,65.60810913339708,4761.0,3008.0,0.0,0.0
869000.0,10.956480879,8.843567695501434E-7,869000.0,86.95880322209436,72.43282566674671,62.75756002339812,65.60711359291068,5761.0,3024.0,0.0,0.0
870000.0,10.968902655,8.853612909238525E-7,870000.0,86.97367816091955,72.45238256942939,62.757965718492045,65.60712323944732,6761.0,3024.0,0.0,0.0
871000.0,10.981496291,8.863797102331938E-7,871000.0,86.98840413318025,72.4715775735098,62.75755325231839,65.60662065951675,7761.0,3024.0,0.0,0.0
872000.0,10.99403736,8.873938785662614E-7,872000.0,87.00298165137615,72.4904715202613,62.75730171665921,65.6060233614654,8761.0,3024.0,0.0,0.0
873000.0,11.007513834,8.88471753676694E-7,873000.0,87.01695303550974,72.50816307490587,62.75540717276008,65.60390871570769,20.0,2304.0,14.0,2.0
874000.0,11.020662388,8.895255508688411E-7,874000.0,87.0312356979405,72.52646503595028,62.75425371810122,65.60260012988509,594.0,2936.0,7.0,0.0
875000.0,11.033132994,8.905317756122877E-7,875000.0,87.04548571428572,72.54469975113959,62.752610721538396,65.60108278051239,1594.0,2936.0,0.0,2.0
876000.0,11.045937196,8.915580540465178E-7,876000.0,87.05856164383562,72.56067126732057,62.7484161825399,65.59684394203778,29.0,2960.0,1.0,4.0
877000.0,11.058323127,8.925576516293701E-7,877000.0,87.07331812998859,72.57989681322826,62.74841618253989,65.59684394203778,1029.0,2960.0,0.0,1.0
878000.0,11.07122681,8.935921172782E-7,878000.0,87.0875854214123,72.59814730398145,62.747836258847215,65.59594328858248,696.0,3024.0,4.0,0.0
879000.0,11.084044939,8.94619724212807E-7,879000.0,87.10216154721275,72.61700659711283,62.74775248409653,65.59574422888426,1696.0,3024.0,0.0,0.0
880000.0,11.096533305,8.956208946257051E-7,880000.0,87.1165909090909,72.63563432195853,62.74807454722288,65.59555492166186,2696.0,3024.0,0.0,0.0
881000.0,11.109112942,8.966293820746954E-7,881000.0,87.13098751418842,72.65416165684675,62.74815179891571,65.59526121577004,3696.0,3024.0,0.0,0.0
882000.0,11.121750315,8.97640170377835E-7,882000.0,87.14512471655328,72.67213878897508,62.7475719223541,65.59436060678706,23.0,2312.0,2.0,0.0
883000.0,11.1343225,8.986480343935811E-7,883000.0,87.15866364665912,72.6889588390179,62.74583889133477,65.5921515791518,1023.0,3016.0,0.0,0.0
884000.0,11.146907342,8.996545950088077E-7,884000.0,87.17273755656109,72.7068056040047,62.744769489565265,65.59104219454096,16.0,2304.0,1.0,0.0
885000.0,11.159889619,9.006953076644704E-7,885000.0,87.18689265536723,72.72483962847856,62.74476305621993,65.5905495085708,656.0,3008.0,6.0,0.0
886000.0,11.172362271,9.017020588835957E-7,886000.0,87.20079006772009,72.7423626008542,62.74360996123267,65.58924111897704,1656.0,3008.0,0.0,1.0
887000.0,11.185322755,9.027499029662508E-7,887000.0,87.21443066516346,72.75937123977732,62.742289446364495,65.58753470589126,553.0,3008.0,4.0,1.0
888000.0,11.198042004,9.03769293302437E-7,888000.0,87.2277027027027,72.77564869266784,62.739493810612636,65.58470917018907,48.0,2936.0,1.0,1.0
889000.0,11.210802889,9.047899341858454E-7,889000.0,87.24173228346457,72.79339088296796,62.73899788433489,65.58400771940684,30.0,2304.0,2.0,0.0
890000.0,11.223855442,9.058339032541864E-7,890000.0,87.25561797752809,72.81084525587697,62.73817345597897,65.58300284317622,17.0,2304.0,8.0,1.0
891000.0,11.236281174,9.06836712947892E-7,891000.0,87.26969696969698,72.82868057310333,62.73800607087951,65.58260484338352,1017.0,2960.0,0.0,1.0
892000.0,11.249447355,9.078991437973771E-7,892000.0,87.28363228699551,72.8462287692266,62.73751018370083,65.58190341814209,570.0,2920.0,8.0,1.0
893000.0,11.262037851,9.089154069944415E-7,893000.0,87.29708846584546,72.86282408612502,62.73570030090797,65.57998828766229,1570.0,3008.0,0.0,0.0
894000.0,11.275229579,9.099705348569016E-7,894000.0,87.31085011185682,72.88002458925322,62.7346311273463,65.5788790173803,31.0,2312.0,11.0,0.0
895000.0,11.288565796,9.110395655955319E-7,895000.0,87.32491620111732,72.89782770746044,62.73454746136866,65.57868003361966,131.0,2992.0,15.0,0.0
896000.0,11.301130962,9.120468149149983E-7,896000.0,87.33861607142858,72.91490213831658,62.7334783094298,65.57757077403892,1131.0,3000.0,0.0,0.0
897000.0,11.314373125,9.131059767731369E-7,897000.0,87.3520624303233,72.93153753783032,62.732241873176875,65.57606357316891,56.0,2312.0,11.0,1.0
898000.0,11.327962995,9.141929215204806E-7,898000.0,87.36614699331848,72.94937458609098,62.732241873176875,65.57606357316892,36.0,2304.0,17.0,0.0
899000.0,11.341175925,9.152496631681513E-7,899000.0,87.37986651835372,72.9664829288596,62.731746094314566,65.5753622089054,6.0,2288.0,7.0,1.0
900000.0,11.35443743,9.163123207499798E-7,900000.0,87.39377777777779,72.98397261297791,62.731662451138206,65.57516324004176,226.0,2880.0,13.0,0.0
901000.0,11.366875517,9.173158701256443E-7,901000.0,87.40765815760267,73.00140024146533,62.73157880906082,65.57496427238551,1226.0,2880.0,0.0,2.0
902000.0,11.37978024,9.183498048726146E-7,902000.0,87.42117516629712,73.0181033801853,62.730754575674354,65.57395950591513,538.0,2840.0,8.0,0.0
903000.0,11.392674083,9.193811066856513E-7,903000.0,87.43510520487264,73.03562993869745,62.730754575674354,65.57395950591511,32.0,2312.0,7.0,1.0
904000.0,11.406199316,9.204652049652454E-7,904000.0,87.44889380530974,73.05287372198947,62.73067094120971,65.57376054372232,432.0,2968.0,10.0,0.0
905000.0,11.418833406,9.214777178971975E-7,905000.0,87.46265193370166,73.0700567440249,62.73058730784392,65.57356158273689,226.0,2920.0,2.0,1.0
906000.0,11.43140126,9.224829457890043E-7,906000.0,87.47649006622517,73.08740027322298,62.73058730784391,65.57356158273686,20.0,2312.0,2.0,1.0
907000.0,11.444047846,9.234944448117713E-7,907000.0,87.48985667034178,73.10380138934953,62.730007948864476,65.57266129423756,35.0,2304.0,4.0,0.0
908000.0,11.456996209,9.245322779938379E-7,908000.0,87.5034140969163,73.1205838107408,62.72984069633766,65.57226338497387,615.0,2960.0,7.0,0.0
909000.0,11.469481003,9.255400351136475E-7,909000.0,87.51694169416942,73.13730709526178,62.72967344820564,65.57186548053934,1615.0,3016.0,0.0,1.0
910000.0,11.482234,9.265600187055008E-7,910000.0,87.53021978021978,73.15353339108309,62.72884929941074,65.57086076640674,12.0,2296.0,3.0,0.0
911000.0,11.495331796,9.276095852296538E-7,911000.0,87.54379802414928,73.17035971418603,62.72876568350523,65.57066182025602,292.0,2888.0,12.0,0.0
912000.0,11.508149152,9.286347693024811E-7,912000.0,87.55625,73.18500822540827,62.725887291191796,65.56763776039612,10.0,2312.0,3.0,2.0
913000.0,11.520759176,9.296519040951202E-7,913000.0,87.56922234392114,73.20062573446813,62.724406345452756,65.56602628672678,590.0,2920.0,7.0,1.0
914000.0,11.533337017,9.306579307876575E-7,914000.0,87.58183807439825,73.21553307405597,62.72169526261858,65.56340015230722,53.0,2312.0,5.0,1.0
915000.0,11.545467228,9.31630237913447E-7,915000.0,87.59508196721312,73.23169354012173,62.72119970046902,65.56269891595545,753.0,2976.0,5.0,0.0
916000.0,11.557370853,9.325843828504332E-7,916000.0,87.60851528384279,73.24823558188284,62.72087126735768,65.56239551697668,1753.0,2976.0,0.0,0.0
917000.0,11.569161562,9.335294769117657E-7,917000.0,87.62181025081789,73.26450043602047,62.72070415134,65.56199768811382,2753.0,2976.0,0.0,0.0
918000.0,11.580982628,9.344770042636169E-7,918000.0,87.63518518518518,73.28092761092323,62.720620594977696,65.56179877549285,3753.0,2976.0,0.0,0.0
919000.0,11.592763966,9.354214690982929E-7,919000.0,87.64831338411317,73.29686105774283,62.72036993247681,65.56120204487188,4753.0,3016.0,0.0,0.0
920000.0,11.604614038,9.363714440750213E-7,920000.0,87.66163043478261,73.31317582869094,62.72028638050512,65.56100313707883,5753.0,3016.0,0.0,0.0
921000.0,11.616443539,9.373197699533099E-7,921000.0,87.67459283387622,73.32877989612531,62.71995218359399,65.56020751797578,6753.0,3016.0,0.0,0.0
922000.0,11.628243462,9.382657246763969E-7,922000.0,87.68741865509762,73.34411127242261,62.719534462148786,65.55921302125208,7753.0,3016.0,0.0,0.0
923000.0,11.640162631,9.392212388955001E-7,923000.0,87.70054171180932,73.3601127195131,62.719612234577085,65.5589197191901,8753.0,3016.0,0.0,0.0
924000.0,11.65224036,9.401894642637263E-7,924000.0,87.71341991341991,73.37562416834751,62.719522927585345,65.5582286430255,9753.0,3016.0,0.0,0.0
925000.0,11.664001258,9.411322905017318E-7,925000.0,87.72637837837837,73.39123232733343,62.71853778355728,65.55731851236109,10753.0,3016.0,0.0,0.0
926000.0,11.675749812,9.420741271684409E-7,926000.0,87.73941684665226,73.40703549676667,62.71861557153645,65.55702523465987,11753.0,3016.0,0.0,0.0
927000.0,11.687504126,9.43016425592333E-7,927000.0,87.75253505933117,73.42296721248456,62.71853204260963,65.55682635221022,12753.0,3016.0,0.0,0.0
928000.0,11.700180336,9.440303202361124E-7,928000.0,87.76551724137931,73.43862788427325,62.71812014422034,65.55642859093102,54.0,2312.0,16.0,0.0
929000.0,11.712689797,9.45032871122361E-7,929000.0,87.77696447793326,73.4512120264347,62.71384570929462,65.55199267063674,46.0,2928.0,9.0,1.0
930000.0,11.725384783,9.460503694359593E-7,930000.0,87.78935483870967,73.46568828524565,62.71252667870629,65.55028713402925,293.0,2952.0,2.0,1.0
931000.0,11.737435827,9.470250601835515E-7,931000.0,87.79967776584317,73.47605935118881,62.70423441645433,65.5425042015787,1293.0,2992.0,0.0,1.0
932000.0,11.749905916,9.480244040470495E-7,932000.0,87.81051502145922,73.48746020943888,62.69807393008884,65.5364472259215,121.0,2912.0,7.0,1.0
933000.0,11.762550229,9.49037867107657E-7,933000.0,87.82057877813504,73.49741614176378,62.69010532951591,65.52847600152893,155.0,2960.0,4.0,4.0
934000.0,11.77519446,9.500584152790601E-7,934000.0,87.83297644539616,73.51191444277889,62.688870356629266,65.52696959493281,1155.0,2992.0,0.0,1.0
935000.0,11.787940831,9.510801903606959E-7,935000.0,87.84566844919786,73.52700650028972,62.688620395298436,65.5263732663536,112.0,3000.0,3.0,0.0
936000.0,11.800821058,9.52112722269136E-7,936000.0,87.85833333333333,73.54208370181132,62.68837044381556,65.52577694862813,1112.0,3008.0,0.0,0.0
937000.0,11.813827179,9.531551040999082E-7,937000.0,87.87043756670224,73.556071023004,62.68721396726177,65.52397766190117,208.0,2936.0,4.0,0.0
938000.0,11.82663937,9.54182128930728E-7,938000.0,87.88294243070362,73.5707977958569,62.686390765654856,65.52297346077661,1208.0,2992.0,0.0,0.0
939000.0,11.839400337,9.55205047647306E-7,939000.0,87.895101171459,73.58483095909372,62.68482771299507,65.5211638446185,2208.0,2992.0,0.0,0.0
940000.0,11.851733144,9.561936705956905E-7,940000.0,87.90765957446808,73.59967202208348,62.68433285622367,65.52046301127196,3208.0,3000.0,0.0,0.0
941000.0,11.864205428,9.571934743047057E-7,941000.0,87.91997874601488,73.61403547791183,62.683181448118305,65.51915551915553,4208.0,3000.0,0.0,0.0
942000.0,11.876512439,9.581800293931475E-7,942000.0,87.93269639065817,73.62924209208556,62.6830981754197,65.51895677812121,5208.0,3000.0,0.0,0.0
943000.0,11.889030886,9.591834040810939E-7,943000.0,87.94485683987274,73.64328919066918,62.682598562190186,65.5177643572345,223.0,2960.0,3.0,0.0
944000.0,11.901698651,9.601986944245863E-7,944000.0,87.95709745762711,73.6575380919139,62.68242724246821,65.51687530142591,121.0,2944.0,1.0,0.0
945000.0,11.914485183,9.612235830415274E-7,945000.0,87.9679365079365,73.66896986020987,62.67749876907928,65.5118339515965,190.0,2968.0,1.0,3.0
946000.0,11.927163687,9.622396816105629E-7,946000.0,87.97875264270613,73.68032187190705,62.672325508114056,65.5066881009433,221.0,2928.0,2.0,3.0
947000.0,11.939841617,9.632536875885958E-7,947000.0,87.99112988384373,73.69482353736149,62.67183089345502,65.50598740642783,11.0,2304.0,4.0,1.0
948000.0,11.953101387,9.643142577259434E-7,948000.0,88.00379746835443,73.70991697204782,62.671830893454995,65.5059874064278,51.0,2312.0,16.0,0.0
949000.0,11.966261518,9.65368819344636E-7,949000.0,88.01633298208641,73.72474777271006,62.67174770729531,65.5057887185958,91.0,2888.0,16.0,0.0
950000.0,11.978555467,9.66360790037838E-7,950000.0,88.02873684210526,73.73931665119416,62.67158133825238,65.50539134654755,1091.0,2896.0,0.0,1.0
951000.0,11.991141177,9.67367446124883E-7,951000.0,88.04090431125131,73.75348535030656,62.67124861327188,65.50459661691421,244.0,2312.0,1.0,0.0
952000.0,12.003689912,9.683732484472277E-7,952000.0,88.04905462184874,73.75947504897304,62.65844388575631,65.49227638207722,433.0,2960.0,2.0,1.0
953000.0,12.016030038,9.693625347191575E-7,953000.0,88.05970619097586,73.7705512768559,62.653761831620116,65.48734031324686,1433.0,3024.0,0.0,0.0
954000.0,12.028466799,9.703595680496577E-7,954000.0,88.07211740041929,73.78515151790556,62.65367877280158,65.48714169161292,2433.0,3024.0,0.0,0.0
955000.0,12.040689448,9.713394363964085E-7,955000.0,88.08429319371727,73.79931543617056,62.653674737940676,65.48665051120216,3433.0,3024.0,0.0,0.0
956000.0,12.052975643,9.723243991145973E-7,956000.0,88.09633891213389,73.81325679596593,62.6538327743392,65.48606540721038,4433.0,3024.0,0.0,0.0
957000.0,12.06542535,9.73322470303226E-7,957000.0,88.10856844305121,73.82750521709609,62.65342154662047,65.48556350843141,5433.0,3024.0,0.0,0.0
958000.0,12.078006812,9.743311040592674E-7,958000.0,88.12066805845511,73.84157003090812,62.652927277500645,65.48486300580487,6433.0,3024.0,0.0,0.0
959000.0,12.090469099,9.75330183764446E-7,959000.0,88.13305526590199,73.85618556638886,62.65317239976109,65.48496768499619,7433.0,3024.0,0.0,0.0
960000.0,12.102937448,9.763297494495395E-7,960000.0,88.14531249999999,73.87054278055416,62.65333447096735,65.48487375843504,8433.0,3024.0,0.0,0.0
961000.0,12.115260902,9.773266513029593E-7,961000.0,88.15712799167534,73.88400829036185,62.65267413547555,65.48388075091744,9433.0,3024.0,0.0,1.0
962000.0,12.127691643,9.783322321037868E-7,962000.0,88.16923076923077,73.89802729489267,62.65226294235009,65.4833788755076,10433.0,3024.0,0.0,0.0
963000.0,12.139689352,9.793027829200508E-7,963000.0,88.18141225337487,73.91228470041766,62.652670127517695,65.48338964134726,11433.0,3024.0,0.0,0.0
964000.0,12.151527764,9.802603739541253E-7,964000.0,88.19336099585063,73.9260744148671,62.65291121961464,65.48300322376183,12433.0,3024.0,0.0,1.0
965000.0,12.163300004,9.812126124363622E-7,965000.0,88.20538860103628,73.94003083282557,62.65323533272083,65.48281540472429,13433.0,3024.0,0.0,0.0
966000.0,12.175049871,9.821630412008594E-7,966000.0,88.2175983436853,73.95440146098642,62.65397058727024,65.48312943902278,14433.0,3024.0,0.0,0.0
967000.0,12.186810029,9.831143023886015E-7,967000.0,88.22967942088935,73.9684428234893,62.65413262460216,65.48303553016243,15433.0,3024.0,0.0,0.0
968000.0,12.198563531,9.840650251826873E-7,968000.0,88.24152892561983,73.98209223376378,62.65461871107875,65.48275381041626,16433.0,3024.0,0.0,0.0
969000.0,12.210419641,9.850240477809042E-7,969000.0,88.25356037151703,73.99600937459192,62.65429060771305,65.48245055404938,17433.0,3024.0,0.0,0.0
970000.0,12.222192958,9.859763733800234E-7,970000.0,88.26567010309279,74.01012871525342,62.65453567116385,65.48255523039833,18433.0,3024.0,0.0,0.0
971000.0,12.233960593,9.869282393708559E-7,971000.0,88.27744593202883,74.02353731313829,62.65404149769673,65.48185482036772,19433.0,3024.0,0.0,0.0
972000.0,12.245753637,9.87882160656823E-7,972000.0,88.28930041152263,74.03711284573608,62.65363036845039,65.48135299219426,20433.0,3024.0,0.0,0.0
973000.0,12.257515301,9.88833543662601E-7,973000.0,88.30123329907502,74.05089219028113,62.65354733720044,65.48115441883313,21433.0,3024.0,0.0,0.0
974000.0,12.269534909,9.898057913638883E-7,974000.0,88.31303901437371,74.0644175554718,62.65362633613082,65.48086195498573,22433.0,3024.0,0.0,0.0
975000.0,12.282490826,9.908537756676458E-7,975000.0,88.32492307692308,74.07814702292058,62.65403341163503,65.48087274271072,23433.0,3024.0,0.0,0.0
976000.0,12.295443847,9.919015257183942E-7,976000.0,88.33688524590164,74.0920432443886,62.65452350332013,65.48108209735966,24433.0,3024.0,0.0,0.0
977000.0,12.307417384,9.928700468069793E-7,977000.0,88.34861821903786,74.10544070797627,62.65460247888874,65.48078964126512,25433.0,3024.0,0.0,0.0
978000.0,12.319200526,9.938231671353163E-7,978000.0,88.36053169734151,74.11925175172082,62.65509254702807,65.48099899324382,26433.0,3024.0,0.0,0.0
979000.0,12.330979117,9.947759193402262E-7,979000.0,88.37242083758937,74.13294564387024,62.65509254702805,65.48099899324382,27433.0,3024.0,0.0,0.0
980000.0,12.342744771,9.957276250909995E-7,980000.0,88.38418367346938,74.14650146679277,62.65549956696322,65.48100977939502,28433.0,3024.0,0.0,0.0
981000.0,12.35452561,9.9668055913319E-7,981000.0,88.3960244648318,74.1601485013778,62.655744588716175,65.48111445344719,29433.0,3024.0,0.0,0.0
982000.0,12.366288997,9.976320815098018E-7,982000.0,88.40743380855398,74.17288263739408,62.6551674364896,65.48021553828472,30433.0,3024.0,0.0,0.0
983000.0,12.378072111,9.985851995732616E-7,983000.0,88.41902339776195,74.18599207038564,62.65500137779002,65.47981842495474,31433.0,3024.0,0.0,0.0
984000.0,12.389845967,9.995375687712659E-7,984000.0,88.43069105691058,74.19938152490812,62.65565338336987,65.4799338963264,32433.0,3024.0,0.0,0.0
985000.0,12.401647341,1.0004921638581882E-6,985000.0,88.44243654822334,74.21286304584127,62.65589838803854,65.48003857046689,33433.0,3024.0,0.0,0.0
986000.0,12.413435055,1.0014456540086102E-6,986000.0,88.45415821501014,74.22630341861301,62.65614338949245,65.4801432439726,34433.0,3024.0,0.0,0.0
987000.0,12.4252018,1.0023974480087043E-6,987000.0,88.46565349544073,74.23925026976194,62.65573232737414,65.4796414666392,35433.0,3024.0,0.0,0.0
988000.0,12.436991302,1.0033510827877106E-6,988000.0,88.47702429149797,74.25194806887585,62.655483244548236,65.47904581992837,36433.0,3024.0,0.0,0.0
989000.0,12.449115558,1.0043230380476827E-6,989000.0,88.4875631951466,74.26302533374334,62.65383505208742,65.47654783671267,159.0,3016.0,4.0,0.0
990000.0,12.460884739,1.0052665526597018E-6,990000.0,88.4980808080808,74.27414483674389,62.65169703887378,65.47384060278041,1159.0,3024.0,0.0,0.0
991000.0,12.472634404,1.006208502708208E-6,991000.0,88.50908173562058,74.28610691138515,62.65021909684868,65.47233541939553,2159.0,3024.0,0.0,0.0
992000.0,12.484394846,1.0071513167299146E-6,992000.0,88.52066532258065,74.29927093267938,62.650219096848694,65.47233541939555,3159.0,3024.0,0.0,0.0
993000.0,12.496138463,1.0080927819208617E-6,993000.0,88.5318227593152,74.31160750041377,62.649397163585796,65.47133197901822,4159.0,3024.0,0.0,0.0
994000.0,12.50790454,1.0090360476906414E-6,994000.0,88.54336016096579,74.32473037582574,62.649642170721606,65.47143667130567,5159.0,3024.0,0.0,0.0
995000.0,12.519661264,1.0099785636468049E-6,995000.0,88.55467336683417,74.33736209500324,62.64947621827628,65.47103964974092,6159.0,3024.0,0.0,0.0
996000.0,12.531511393,1.0109284205675315E-6,996000.0,88.56556224899599,74.34912919769738,62.648733388431936,65.46974391937373,52.0,2976.0,1.0,0.0
997000.0,12.54338584,1.0118800301143344E-6,997000.0,88.57572718154464,74.35942150036482,62.645204877440875,65.46611646923637,80.0,2912.0,2.0,1.0
998000.0,12.555371493,1.0128408244904381E-6,998000.0,88.58637274549098,74.37070644046428,62.64307125194314,65.4639003344218,1080.0,3000.0,0.0,0.0
999000.0,12.567388331,1.0138107590408627E-6,999000.0,88.596996996997,74.38195558088555,62.64069264069265,65.46157950907153,2080.0,3000.0,0.0,1.0
1000000.0,12.57956852,1.0147869713619478E-6,1000000.0,88.60679999999999,74.3915257306897,62.635935511799644,65.45693790058999,151.0,2944.0,2.0,6.0
