learning evaluation instances,evaluation time (cpu seconds),model cost (RAM-Hours),classified instances,classifications correct (percent),Kappa Statistic (percent),Kappa Temporal Statistic (percent),Kappa M Statistic (percent),model training instances,model serialized size (bytes),Change detected,Warning detected,tree size (nodes),tree size (leaves),active learning leaves,tree depth,active leaf byte size estimate,inactive leaf byte size estimate,byte size estimate overhead
1000.0,0.067352278,5.977296648998228E-9,1000.0,78.9,47.520270606377146,54.329004329004334,36.445783132530124,118.0,4560.0,3.0,6.0,1.0,1.0,1.0,0.0,0.0,0.0,1.0
2000.0,0.164093388,1.4989016772181623E-8,2000.0,80.60000000000001,52.75690260616304,58.98520084566597,42.941176470588246,91.0,4560.0,4.0,5.0,1.0,1.0,1.0,0.0,0.0,0.0,1.0
3000.0,0.222651701,2.051261279653137E-8,3000.0,79.60000000000001,49.143528264675254,56.28571428571429,39.28571428571429,793.0,4560.0,2.0,2.0,1.0,1.0,1.0,0.0,0.0,0.0,1.0
4000.0,0.26942013,2.5017225375709435E-8,4000.0,81.325,54.23312921023046,59.02358749314317,43.40909090909091,1793.0,12224.0,0.0,0.0,5.0,3.0,3.0,2.0,0.0,0.0,1.0
5000.0,0.293745849,2.7367011439998944E-8,5000.0,82.86,59.317251384257816,62.51093613298339,48.31121833534379,2793.0,12224.0,0.0,0.0,5.0,3.0,3.0,2.0,0.0,0.0,1.0
6000.0,0.323694366,3.025994167127957E-8,6000.0,83.76666666666667,61.932981202553016,64.0590405904059,50.55837563451777,3793.0,12224.0,0.0,0.0,5.0,3.0,3.0,2.0,0.0,0.0,1.0
7000.0,0.354475831,3.3233331995134554E-8,7000.0,84.55714285714285,64.07477081346454,65.52933673469387,52.60850504164839,4793.0,12224.0,0.0,0.0,5.0,3.0,3.0,2.0,0.0,0.0,1.0
8000.0,0.384668713,3.614986709793409E-8,8000.0,85.2125,65.95470363972422,66.66666666666667,54.55243949289282,5793.0,12224.0,0.0,0.0,5.0,3.0,3.0,2.0,0.0,0.0,1.0
9000.0,0.414144123,3.899709671763083E-8,9000.0,85.47777777777777,66.79742210477076,67.25131545978451,55.116758241758234,6793.0,12224.0,0.0,0.0,5.0,3.0,3.0,2.0,0.0,0.0,1.0
10000.0,0.440492609,4.154227555563053E-8,10000.0,85.8,67.76422079129667,67.78584392014518,56.22688039457459,7793.0,12224.0,0.0,0.0,5.0,3.0,3.0,2.0,0.0,0.0,1.0
11000.0,0.467389444,4.417103935392367E-8,11000.0,86.04545454545455,68.36192533376905,68.25232678386763,56.626165583498164,8793.0,16600.0,0.0,0.0,7.0,4.0,4.0,3.0,0.0,0.0,1.0
12000.0,0.496888228,4.708890378109283E-8,12000.0,86.54166666666666,69.676978142202,69.38968915845336,58.419155509783714,9793.0,21136.0,0.0,0.0,9.0,5.0,5.0,4.0,0.0,0.0,1.0
13000.0,0.523972345,4.976909918211194E-8,13000.0,87.12307692307692,70.93112720865729,70.63157894736842,60.00955566172957,10793.0,21304.0,0.0,0.0,9.0,5.0,5.0,4.0,0.0,0.0,1.0
14000.0,0.547724359,5.211960483344686E-8,14000.0,87.67857142857143,72.09646051400746,71.79529103989535,61.40939597315436,11793.0,21312.0,0.0,0.0,9.0,5.0,5.0,4.0,0.0,0.0,1.0
15000.0,0.571548565,5.447725462438953E-8,15000.0,88.14666666666666,73.17612915672689,72.85081691861352,62.87325120066819,12793.0,21312.0,0.0,0.0,9.0,5.0,5.0,4.0,0.0,0.0,1.0
16000.0,0.59529098,5.682681035611986E-8,16000.0,88.59375,74.19968938546594,73.86510095947301,64.24373040752351,13793.0,21312.0,0.0,0.0,9.0,5.0,5.0,4.0,0.0,0.0,1.0
17000.0,0.618736992,5.9147033967779334E-8,17000.0,88.95294117647059,75.118185113595,74.75806451612902,65.62957540263544,14793.0,21312.0,0.0,0.0,9.0,5.0,5.0,4.0,0.0,0.0,1.0
18000.0,0.642246919,6.147358262491517E-8,18000.0,89.24444444444445,75.77457945871203,75.49056842638309,66.51677620200623,15793.0,21312.0,0.0,0.0,9.0,5.0,5.0,4.0,0.0,0.0,1.0
19000.0,0.665898751,6.381417423876418E-8,19000.0,89.53684210526316,76.5036144074671,76.11151165585196,67.61159986966439,16793.0,21312.0,0.0,0.0,9.0,5.0,5.0,4.0,0.0,0.0,1.0
20000.0,0.689409695,6.614082353849172E-8,20000.0,89.75999999999999,77.0252311984751,76.5942857142857,68.34132014221672,17793.0,21312.0,0.0,0.0,9.0,5.0,5.0,4.0,0.0,0.0,1.0
21000.0,0.715031113,6.870633875715858E-8,21000.0,90.00952380952381,77.57872659319666,77.18077006743528,69.10616993079076,18793.0,25816.0,0.0,0.0,11.0,6.0,6.0,5.0,0.0,0.0,1.0
22000.0,0.739958317,7.12034245519899E-8,22000.0,90.1590909090909,77.92955726330439,77.5601160862355,69.58842534063773,19793.0,25976.0,0.0,0.0,13.0,7.0,7.0,6.0,0.0,0.0,1.0
23000.0,0.764711369,7.371134308836321E-8,23000.0,90.37826086956522,78.38733393057366,78.06521954604024,70.17520215633424,20793.0,30376.0,0.0,0.0,13.0,7.0,7.0,6.0,0.0,0.0,1.0
24000.0,0.78845137,7.611672004621063E-8,24000.0,90.55833333333332,78.80405877019015,78.54369851339834,70.77637348465306,21793.0,30392.0,0.0,0.0,13.0,7.0,7.0,6.0,0.0,0.0,1.0
25000.0,0.812163697,7.851929302768369E-8,25000.0,90.728,79.19062602446667,78.95978941635653,71.3154312585076,22793.0,30392.0,0.0,0.0,13.0,7.0,7.0,6.0,0.0,0.0,1.0
26000.0,0.83537683,8.087128683078621E-8,26000.0,90.90769230769232,79.58893827251805,79.36812707278759,71.89060642092748,23793.0,30392.0,0.0,0.0,13.0,7.0,7.0,6.0,0.0,0.0,1.0
27000.0,0.860987185,8.349087076691498E-8,27000.0,91.03333333333333,79.88885239706775,79.65546218487395,72.32193895049731,24793.0,34096.0,0.0,0.0,15.0,8.0,8.0,6.0,0.0,0.0,1.0
28000.0,0.884308438,8.587689052259758E-8,28000.0,91.2,80.26284324556832,80.00324622626198,72.84848484848484,25793.0,34192.0,0.0,0.0,15.0,8.0,8.0,6.0,0.0,0.0,1.0
29000.0,0.90856721,8.83588789521903E-8,29000.0,91.33793103448275,80.55766648484227,80.24225263489066,73.21104830969392,26793.0,34200.0,0.0,0.0,15.0,8.0,8.0,6.0,0.0,0.0,1.0
30000.0,0.932019271,9.075837887281554E-8,30000.0,91.41666666666667,80.74955362139697,80.45392439653864,73.49732400164677,27793.0,34208.0,0.0,0.0,15.0,8.0,8.0,6.0,0.0,0.0,1.0
31000.0,0.954764775,9.308568149316024E-8,31000.0,91.50645161290323,80.95806659392645,80.6695543645841,73.79578025477707,28793.0,34224.0,0.0,0.0,15.0,8.0,8.0,6.0,0.0,0.0,1.0
32000.0,0.977423903,9.540414618706746E-8,32000.0,91.6125,81.22714068649353,80.95238095238095,74.20718816067652,29793.0,34224.0,0.0,0.0,15.0,8.0,8.0,6.0,0.0,0.0,1.0
33000.0,0.995520292,9.727695295954332E-8,33000.0,91.7030303030303,81.43448692673627,81.17177829734563,74.52786305702858,30793.0,38728.0,0.0,0.0,17.0,9.0,9.0,7.0,0.0,0.0,1.0
34000.0,1.011927657,9.899109103608051E-8,34000.0,91.76176470588236,81.56621250622905,81.34407885973091,74.72477892077242,31793.0,42504.0,0.0,0.0,19.0,10.0,10.0,8.0,0.0,0.0,1.0
35000.0,1.026811777,1.0054655214021191E-7,35000.0,91.80857142857143,81.67714024422948,81.45656813918892,74.89272265522375,32793.0,42624.0,0.0,0.0,19.0,10.0,10.0,8.0,0.0,0.0,1.0
36000.0,1.042795243,1.0221723090796009E-7,36000.0,91.83055555555556,81.7139672771828,81.49849018621038,74.9488926746167,33793.0,42704.0,0.0,0.0,19.0,10.0,10.0,8.0,0.0,0.0,1.0
37000.0,1.05752465,1.0375682861076256E-7,37000.0,91.92702702702704,81.92831538175707,81.7141108050199,75.26498840675721,34793.0,42704.0,0.0,0.0,19.0,10.0,10.0,8.0,0.0,0.0,1.0
38000.0,1.072007421,1.0527064657789554E-7,38000.0,92.00263157894737,82.10829121510871,81.89239111005185,75.52548924861078,35793.0,42704.0,0.0,0.0,19.0,10.0,10.0,8.0,0.0,0.0,1.0
39000.0,1.086536461,1.0678930083247111E-7,39000.0,92.06923076923077,82.26453589974807,82.07995365005794,75.75638814861264,36793.0,42704.0,0.0,0.0,19.0,10.0,10.0,8.0,0.0,0.0,1.0
40000.0,1.101201037,1.0832215239656057E-7,40000.0,92.17,82.48357841768475,82.29308005427409,76.0532150776053,37793.0,42712.0,0.0,0.0,19.0,10.0,10.0,8.0,0.0,0.0,1.0
41000.0,1.117188799,1.1000850085289116E-7,41000.0,92.24878048780488,82.67076829499477,82.46814144646109,76.33479782560131,38793.0,46360.0,0.0,0.0,21.0,11.0,11.0,8.0,0.0,0.0,1.0
42000.0,1.132301198,1.116031125047058E-7,42000.0,92.25952380952381,82.70696060603528,82.49892334194661,76.39584694692516,39793.0,46512.0,0.0,0.0,21.0,11.0,11.0,8.0,0.0,0.0,1.0
43000.0,1.147542487,1.132114503878852E-7,43000.0,92.29767441860464,82.78569936527921,82.5702557625513,76.48896145382265,40793.0,46544.0,0.0,0.0,21.0,11.0,11.0,8.0,0.0,0.0,1.0
44000.0,1.162791912,1.1482064682292444E-7,44000.0,92.38181818181819,82.9647174613358,82.76252185539444,76.73353231068234,41793.0,46544.0,0.0,0.0,21.0,11.0,11.0,8.0,0.0,0.0,1.0
45000.0,1.177906012,1.1641556307968996E-7,45000.0,92.45777777777778,83.11858634358961,82.91725387557884,76.9194151649099,42793.0,46544.0,0.0,0.0,21.0,11.0,11.0,8.0,0.0,0.0,1.0
46000.0,1.193110733,1.1802004212260249E-7,46000.0,92.50434782608696,83.22932372962718,83.0281551486513,77.08665603402444,43793.0,46544.0,0.0,0.0,21.0,11.0,11.0,8.0,0.0,0.0,1.0
47000.0,1.208941879,1.1969062469904623E-7,47000.0,92.57021276595745,83.37099938484127,83.16946211683054,77.275980998243,44793.0,46544.0,0.0,0.0,21.0,11.0,11.0,8.0,0.0,0.0,1.0
48000.0,1.224661556,1.2134944450296462E-7,48000.0,92.60208333333333,83.4345998960219,83.23655761695699,77.35620456574416,45793.0,46544.0,0.0,0.0,21.0,11.0,11.0,8.0,0.0,0.0,1.0
49000.0,1.240408184,1.2301110831268132E-7,49000.0,92.63469387755102,83.48468661434285,83.27153054602763,77.39005137200853,46793.0,46544.0,0.0,0.0,21.0,11.0,11.0,8.0,0.0,0.0,1.0
50000.0,1.255949485,1.246511049791177E-7,50000.0,92.672,83.5684909792011,83.35529005587607,77.50076757752532,47793.0,46544.0,0.0,0.0,21.0,11.0,11.0,8.0,0.0,0.0,1.0
51000.0,1.271446557,1.2628643437782922E-7,51000.0,92.73333333333333,83.71093387365673,83.50689808633734,77.70827067669173,48793.0,46544.0,0.0,0.0,21.0,11.0,11.0,8.0,0.0,0.0,1.0
52000.0,1.287224148,1.27951365559871E-7,52000.0,92.78461538461539,83.8212709236847,83.6314457726202,77.86430678466077,49793.0,46544.0,0.0,0.0,21.0,11.0,11.0,8.0,0.0,0.0,1.0
53000.0,1.303006341,1.2961678236822287E-7,53000.0,92.82452830188679,83.90186695534018,83.70748007882786,77.96001159084321,50793.0,46544.0,0.0,0.0,21.0,11.0,11.0,8.0,0.0,0.0,1.0
54000.0,1.318688973,1.3127169299642243E-7,54000.0,92.85,83.94842120395958,83.75136772998906,78.00877143019878,51793.0,46544.0,0.0,0.0,21.0,11.0,11.0,8.0,0.0,0.0,1.0
55000.0,1.334392954,1.329288564790537E-7,55000.0,92.87818181818182,84.01927139010306,83.82340794581647,78.11365033245795,52793.0,46544.0,0.0,0.0,21.0,11.0,11.0,8.0,0.0,0.0,1.0
56000.0,1.351429058,1.3474619577473236E-7,56000.0,92.93035714285715,84.13521579677281,83.94566098945661,78.28900466136551,53793.0,50968.0,0.0,0.0,23.0,12.0,12.0,8.0,0.0,0.0,1.0
57000.0,1.367372486,1.364473029967232E-7,57000.0,92.96842105263158,84.21627707549865,84.04458598726114,78.39935327405013,54793.0,51048.0,0.0,0.0,23.0,12.0,12.0,8.0,0.0,0.0,1.0
58000.0,1.383411526,1.3815871126347947E-7,58000.0,92.99655172413793,84.27642944165508,84.11916490734225,78.49428208386277,55793.0,51072.0,0.0,0.0,23.0,12.0,12.0,8.0,0.0,0.0,1.0
59000.0,1.398642457,1.397838921486069E-7,59000.0,93.01694915254237,84.32943718023547,84.16176527121056,78.58071224330646,56793.0,51072.0,0.0,0.0,23.0,12.0,12.0,8.0,0.0,0.0,1.0
60000.0,1.413250143,1.4134257113304611E-7,60000.0,93.05666666666667,84.40458432447245,84.23462630085147,78.67089903747696,57793.0,51072.0,0.0,0.0,23.0,12.0,12.0,8.0,0.0,0.0,1.0
61000.0,1.428721977,1.4299348903019603E-7,61000.0,93.10491803278688,84.51386267628163,84.35442472938288,78.82921427492829,58793.0,51080.0,0.0,0.0,23.0,12.0,12.0,8.0,0.0,0.0,1.0
62000.0,1.445681088,1.448031064207169E-7,62000.0,93.13064516129033,84.56752081053965,84.41639224295646,78.9033088963741,59793.0,51080.0,0.0,0.0,23.0,12.0,12.0,8.0,0.0,0.0,1.0
63000.0,1.464667372,1.4682903276247903E-7,63000.0,93.15873015873017,84.63141920328198,84.48524118070554,78.995077732833,60793.0,51080.0,0.0,0.0,23.0,12.0,12.0,8.0,0.0,0.0,1.0
64000.0,1.479678369,1.484307771711486E-7,64000.0,93.18593750000001,84.69400894256302,84.54642097802977,79.0869419268211,61793.0,51080.0,0.0,0.0,23.0,12.0,12.0,8.0,0.0,0.0,1.0
65000.0,1.494268297,1.4998759152511133E-7,65000.0,93.21384615384616,84.75192206033682,84.61028539529691,79.16784735996978,62793.0,51080.0,0.0,0.0,23.0,12.0,12.0,8.0,0.0,0.0,1.0
66000.0,1.508765659,1.5153452864887191E-7,66000.0,93.23181818181818,84.79013845533528,84.65844695538689,79.22228940880971,63793.0,51080.0,0.0,0.0,23.0,12.0,12.0,8.0,0.0,0.0,1.0
67000.0,1.523376547,1.530935795340128E-7,67000.0,93.26865671641791,84.8710435934002,84.74289580514208,79.33278342956648,64793.0,51080.0,0.0,0.0,23.0,12.0,12.0,8.0,0.0,0.0,1.0
68000.0,1.537921934,1.546456712557334E-7,68000.0,93.28970588235293,84.92287074908351,84.80165206674882,79.40977392716934,65793.0,51088.0,0.0,0.0,23.0,12.0,12.0,8.0,0.0,0.0,1.0
69000.0,1.552329954,1.561831049842677E-7,69000.0,93.31159420289855,84.96640414453796,84.84350881802358,79.46698700836447,66793.0,51088.0,0.0,0.0,23.0,12.0,12.0,8.0,0.0,0.0,1.0
70000.0,1.566960279,1.577442601682846E-7,70000.0,93.33714285714285,85.02683733485463,84.90468330258601,79.55910067055264,67793.0,51088.0,0.0,0.0,23.0,12.0,12.0,8.0,0.0,0.0,1.0
71000.0,1.581511172,1.5929693941765362E-7,71000.0,93.35352112676057,85.06216154036179,84.94256541161455,79.61026615969583,68793.0,51088.0,0.0,0.0,23.0,12.0,12.0,8.0,0.0,0.0,1.0
72000.0,1.595961116,1.6083884672212934E-7,72000.0,93.38194444444444,85.12265163866108,85.0091235134965,79.68969779634286,69793.0,51088.0,0.0,0.0,23.0,12.0,12.0,8.0,0.0,0.0,1.0
73000.0,1.610396124,1.623791602538195E-7,73000.0,93.3931506849315,85.13984563456731,85.01941295232179,79.71142520612484,70793.0,51088.0,0.0,0.0,23.0,12.0,12.0,8.0,0.0,0.0,1.0
74000.0,1.624816995,1.6391796527145847E-7,74000.0,93.42837837837837,85.22540787488822,85.10018996262025,79.84582867089394,71793.0,51088.0,0.0,0.0,23.0,12.0,12.0,8.0,0.0,0.0,1.0
75000.0,1.639317693,1.6546528837293182E-7,75000.0,93.43599999999999,85.24581030283142,85.12239347234814,79.88230967267377,72793.0,51088.0,0.0,0.0,23.0,12.0,12.0,8.0,0.0,0.0,1.0
76000.0,1.653900605,1.670213842673745E-7,76000.0,93.45394736842105,85.28824274024389,85.17580452920143,79.94194250695482,73793.0,51088.0,0.0,0.0,23.0,12.0,12.0,8.0,0.0,0.0,1.0
77000.0,1.668529474,1.6858238408628853E-7,77000.0,93.45584415584416,85.29646943585121,85.18856000705448,79.96182447210404,74793.0,51088.0,0.0,0.0,23.0,12.0,12.0,8.0,0.0,0.0,1.0
78000.0,1.683208018,1.7014868456556153E-7,78000.0,93.45384615384616,85.28756239276642,85.17981017618204,79.94501178318933,75793.0,51088.0,0.0,0.0,23.0,12.0,12.0,8.0,0.0,0.0,1.0
79000.0,1.697791658,1.717048581425556E-7,79000.0,93.47468354430379,85.33008197033418,85.22583973403644,79.99922402421043,76793.0,51088.0,0.0,0.0,23.0,12.0,12.0,8.0,0.0,0.0,1.0
80000.0,1.712242374,1.7324684782468196E-7,80000.0,93.49625,85.37641532068757,85.27313897537503,80.06207847946047,77793.0,51088.0,0.0,0.0,23.0,12.0,12.0,8.0,0.0,0.0,1.0
81000.0,1.726699213,1.7478949087255322E-7,81000.0,93.50617283950618,85.4016017107955,85.30397854269111,80.10439518874348,78793.0,51088.0,0.0,0.0,23.0,12.0,12.0,8.0,0.0,0.0,1.0
82000.0,1.741310441,1.76348608276784E-7,82000.0,93.52317073170731,85.4391941164905,85.33844964664311,80.15617994320729,79793.0,51088.0,0.0,0.0,23.0,12.0,12.0,8.0,0.0,0.0,1.0
83000.0,1.755868839,1.7790208836069744E-7,83000.0,93.53734939759036,85.46472283282091,85.3666521169795,80.18177787630239,80793.0,51088.0,0.0,0.0,23.0,12.0,12.0,8.0,0.0,0.0,1.0
84000.0,1.770421024,1.7945490547525387E-7,84000.0,93.54523809523809,85.48358761631074,85.38623254811061,80.21312312969854,81793.0,51088.0,0.0,0.0,23.0,12.0,12.0,8.0,0.0,0.0,1.0
85000.0,1.784848812,1.8099444858383802E-7,85000.0,93.55882352941177,85.51365801676185,85.41905243814747,80.25176742172845,82793.0,51088.0,0.0,0.0,23.0,12.0,12.0,8.0,0.0,0.0,1.0
86000.0,1.799295348,1.825359922315346E-7,86000.0,93.57906976744187,85.55539419880745,85.45502436454629,80.30529995006776,83793.0,51088.0,0.0,0.0,23.0,12.0,12.0,8.0,0.0,0.0,1.0
87000.0,1.813718733,1.8407506551007224E-7,87000.0,93.57586206896552,85.55023653698431,85.44682845536924,80.30030665115788,84793.0,51088.0,0.0,0.0,23.0,12.0,12.0,8.0,0.0,0.0,1.0
88000.0,1.82831279,1.8563235065181637E-7,88000.0,93.5909090909091,85.59040380817477,85.48710822911842,80.36963558525633,85793.0,51088.0,0.0,0.0,23.0,12.0,12.0,8.0,0.0,0.0,1.0
89000.0,1.842851589,1.871837393891294E-7,89000.0,93.60224719101123,85.61914223086791,85.51476761047087,80.41144901610018,86793.0,51088.0,0.0,0.0,23.0,12.0,12.0,8.0,0.0,0.0,1.0
90000.0,1.857381196,1.8873414727752408E-7,90000.0,93.62,85.66212647044877,85.56815040088472,80.47801992316323,87793.0,51088.0,0.0,0.0,23.0,12.0,12.0,8.0,0.0,0.0,1.0
91000.0,1.871865758,1.9027974855805023E-7,91000.0,93.62857142857143,85.6819772048582,85.59180934867423,80.51419929423625,88793.0,51088.0,0.0,0.0,23.0,12.0,12.0,8.0,0.0,0.0,1.0
92000.0,1.886340032,1.918242520390037E-7,92000.0,93.63695652173914,85.70202612108426,85.61105102743095,80.53985772222593,89793.0,51088.0,0.0,0.0,23.0,12.0,12.0,8.0,0.0,0.0,1.0
93000.0,1.902051868,1.935008118024965E-7,93000.0,93.64838709677419,85.72459858301731,85.63333009047571,80.56652191077772,90793.0,51088.0,0.0,0.0,23.0,12.0,12.0,8.0,0.0,0.0,1.0
94000.0,1.923840097,1.9582576402699572E-7,94000.0,93.66170212765958,85.7562626161727,85.66410009624639,80.61051809424629,91793.0,51088.0,0.0,0.0,23.0,12.0,12.0,8.0,0.0,0.0,1.0
95000.0,1.945861907,1.9817564093286997E-7,95000.0,93.66736842105263,85.77183304886982,85.67925920636054,80.64038616251005,92793.0,51088.0,0.0,0.0,23.0,12.0,12.0,8.0,0.0,0.0,1.0
96000.0,1.961891334,1.998860898161224E-7,96000.0,93.68541666666667,85.81101284955331,85.71293895828424,80.69303777310657,93793.0,51088.0,0.0,0.0,23.0,12.0,12.0,8.0,0.0,0.0,1.0
97000.0,1.976474213,2.0144218218924062E-7,97000.0,93.69690721649484,85.8358905493265,85.73295374994166,80.72934724367256,94793.0,51088.0,0.0,0.0,23.0,12.0,12.0,8.0,0.0,0.0,1.0
98000.0,1.990954527,2.0298733017927447E-7,98000.0,93.70408163265306,85.84901652909244,85.74036839307587,80.7410181977089,95793.0,51088.0,0.0,0.0,23.0,12.0,12.0,8.0,0.0,0.0,1.0
99000.0,2.005443868,2.0453344141160444E-7,99000.0,93.71212121212122,85.86192214067715,85.7512360373558,80.74841503015308,96793.0,51088.0,0.0,0.0,23.0,12.0,12.0,8.0,0.0,0.0,1.0
100000.0,2.031578464,2.0776094492224353E-7,100000.0,93.687,85.80568188503673,85.69032345807737,80.67527856005876,97793.0,115936.0,0.0,0.0,43.0,31.0,31.0,8.0,0.0,0.0,1.0
101000.0,2.073670488,2.149203131616198E-7,101000.0,93.35643564356437,85.10263932651114,84.95954094098134,79.81712085664442,98793.0,295528.0,0.0,0.0,83.0,69.0,69.0,9.0,0.0,0.0,1.0
102000.0,2.099409669,2.1930778656913794E-7,102000.0,93.05392156862744,84.47141134161392,84.29116225444548,79.08116566771974,99793.0,296864.0,0.0,1.0,83.0,69.0,69.0,9.0,0.0,0.0,1.0
103000.0,2.124891493,2.2365281508413246E-7,103000.0,92.78932038834952,83.92493412568581,83.69985075937144,78.45872730436801,100793.0,297072.0,0.0,0.0,83.0,69.0,69.0,9.0,0.0,0.0,1.0
104000.0,2.149975148,2.2793093623784265E-7,104000.0,92.53846153846153,83.40841169580399,83.1432605626154,77.89299754999715,101793.0,297224.0,0.0,0.0,83.0,69.0,69.0,9.0,0.0,0.0,1.0
105000.0,2.177360577,2.3049143489834126E-7,105000.0,92.29714285714286,82.92320275079044,82.61056524263077,77.3527847002492,118.0,4560.0,3.0,1.0,1.0,1.0,1.0,0.0,0.0,0.0,1.0
106000.0,2.199403742,2.3257839762904782E-7,106000.0,92.00283018867924,82.3453582887761,81.95192573825288,76.66409734074766,727.0,4560.0,3.0,12.0,1.0,1.0,1.0,0.0,0.0,0.0,1.0
107000.0,2.214892826,2.3404484498544077E-7,107000.0,91.75420560747664,81.86701134615659,81.4002023779408,76.12113994966035,1727.0,4560.0,0.0,0.0,1.0,1.0,1.0,0.0,0.0,0.0,1.0
108000.0,2.232575475,2.3575714044825483E-7,108000.0,91.49166666666667,81.35861855903082,80.82188921818259,75.53514376996806,2727.0,12856.0,0.0,0.0,5.0,3.0,3.0,2.0,0.0,0.0,1.0
109000.0,2.248265564,2.3727947424906614E-7,109000.0,91.24770642201835,80.88264254378964,80.28966343670585,74.98885771963401,3727.0,13592.0,0.0,0.0,5.0,3.0,3.0,2.0,0.0,0.0,1.0
110000.0,2.265319153,2.389543254704214E-7,110000.0,91.06181818181818,80.53120770431335,79.89078191152107,74.6284062758051,4727.0,18152.0,0.0,0.0,7.0,4.0,4.0,2.0,0.0,0.0,1.0
111000.0,2.2809424,2.404888306094768E-7,111000.0,90.88738738738739,80.20385781641646,79.5072833728398,74.31632938069724,5727.0,18184.0,0.0,0.0,7.0,4.0,4.0,2.0,0.0,0.0,1.0
112000.0,2.297636678,2.421454960468597E-7,112000.0,90.71785714285714,79.88442681763549,79.14920074610401,74.00025009378516,6727.0,22088.0,0.0,0.0,9.0,5.0,5.0,3.0,0.0,0.0,1.0
113000.0,2.314780329,2.4386712111306266E-7,113000.0,90.53805309734513,79.54233268434224,78.75452052616937,73.66826745474694,7727.0,26656.0,0.0,0.0,11.0,6.0,6.0,3.0,0.0,0.0,1.0
114000.0,2.33080097,2.454760027651778E-7,114000.0,90.38684210526316,79.26211943627257,78.42249305952076,73.4172609518265,8727.0,26664.0,0.0,0.0,11.0,6.0,6.0,3.0,0.0,0.0,1.0
115000.0,2.346997484,2.471025465597005E-7,115000.0,90.2695652173913,79.06678627376473,78.16372329007707,73.27569736339319,9727.0,26664.0,0.0,0.0,11.0,6.0,6.0,3.0,0.0,0.0,1.0
116000.0,2.362826097,2.486921436946797E-7,116000.0,90.15344827586208,78.8682549158841,77.91142912396054,73.11648268882246,10727.0,26664.0,0.0,0.0,11.0,6.0,6.0,3.0,0.0,0.0,1.0
117000.0,2.378238117,2.5023993614613587E-7,117000.0,90.0017094017094,78.59149167479262,77.58273767318859,72.85783892897749,11727.0,26672.0,0.0,0.0,11.0,6.0,6.0,3.0,0.0,0.0,1.0
118000.0,2.394812477,2.5192363467083617E-7,118000.0,89.88220338983051,78.38245901397845,77.32469801716934,72.69775206384777,12727.0,31120.0,0.0,0.0,13.0,7.0,7.0,4.0,0.0,0.0,1.0
119000.0,2.410731052,2.535407814766963E-7,119000.0,89.75042016806722,78.14472050589345,77.04526206831655,72.50946628200504,13727.0,31136.0,0.0,0.0,13.0,7.0,7.0,4.0,0.0,0.0,1.0
120000.0,2.427270924,2.552390847604804E-7,120000.0,89.63833333333334,77.94481954732586,76.8078637643855,72.34861120377165,14727.0,35328.0,0.0,0.0,15.0,8.0,8.0,4.0,0.0,0.0,1.0
121000.0,2.443970545,2.569748735625441E-7,121000.0,89.55206611570247,77.80982044979999,76.62395295944971,72.28421721877535,15727.0,40184.0,0.0,0.0,17.0,9.0,9.0,4.0,0.0,0.0,1.0
122000.0,2.460791328,2.587616890391293E-7,122000.0,89.48770491803279,77.71538688089737,76.481267535897,72.25167139055367,16727.0,48968.0,0.0,0.0,21.0,11.0,11.0,5.0,0.0,0.0,1.0
123000.0,2.477282557,2.6051479405034946E-7,123000.0,89.46178861788619,77.70077747626817,76.43358423330062,72.31879724939138,17727.0,49272.0,0.0,0.0,21.0,11.0,11.0,5.0,0.0,0.0,1.0
124000.0,2.493179563,2.6221798892398047E-7,124000.0,89.45403225806452,77.72438094384083,76.43783783783785,72.43407323088599,18727.0,52472.0,0.0,0.0,23.0,12.0,12.0,6.0,0.0,0.0,1.0
125000.0,2.514102365,2.6448138188844124E-7,125000.0,89.428,77.70597866281167,76.39967854272702,72.49167360532888,19727.0,56464.0,0.0,0.0,25.0,13.0,13.0,6.0,0.0,0.0,1.0
126000.0,2.535217451,2.667657506070306E-7,126000.0,89.42301587301587,77.73580801678641,76.39818651932137,72.62325390304028,20727.0,56496.0,0.0,0.0,25.0,13.0,13.0,6.0,0.0,0.0,1.0
127000.0,2.551688714,2.6858303627085137E-7,127000.0,89.4,77.72411791398014,76.35673890898873,72.70589189408378,21727.0,64736.0,0.0,0.0,29.0,15.0,15.0,6.0,0.0,0.0,1.0
128000.0,2.567632524,2.7035951731599235E-7,128000.0,89.3828125,77.72378366182554,76.32074156676887,72.80422645134178,22727.0,68928.0,0.0,0.0,31.0,16.0,16.0,6.0,0.0,0.0,1.0
129000.0,2.582721213,2.7204078206886836E-7,129000.0,89.37906976744186,77.74566184721917,76.32329306858833,72.91703730059896,23727.0,68944.0,0.0,0.0,31.0,16.0,16.0,6.0,0.0,0.0,1.0
130000.0,2.597785776,2.737210421661845E-7,130000.0,89.37461538461538,77.7671969334501,76.3261178809536,73.02622585873577,24727.0,69376.0,0.0,0.0,31.0,16.0,16.0,6.0,0.0,0.0,1.0
131000.0,2.612871651,2.754038978983026E-7,131000.0,89.36259541984732,77.76988987806348,76.31511855188238,73.10987611439155,25727.0,69432.0,0.0,0.0,31.0,16.0,16.0,6.0,0.0,0.0,1.0
132000.0,2.628801578,2.7719966827887197E-7,132000.0,89.3719696969697,77.81903573317184,76.33713967648895,73.24854124556653,26727.0,73960.0,0.0,0.0,33.0,17.0,17.0,6.0,0.0,0.0,1.0
133000.0,2.644135335,2.7892829627010746E-7,133000.0,89.37894736842105,77.85946689470893,76.36606993474987,73.36325237592398,27727.0,73976.0,0.0,0.0,33.0,17.0,17.0,6.0,0.0,0.0,1.0
134000.0,2.65928239,2.8063590804111814E-7,134000.0,89.36791044776119,77.86375091134282,76.34842372628118,73.44009246658338,28727.0,73984.0,0.0,0.0,33.0,17.0,17.0,6.0,0.0,0.0,1.0
135000.0,2.674472588,2.8234876081516533E-7,135000.0,89.36222222222221,77.87934789119694,76.34219066602968,73.53494029190622,29727.0,74080.0,0.0,0.0,33.0,17.0,17.0,6.0,0.0,0.0,1.0
136000.0,2.689787757,2.8407570536892634E-7,136000.0,89.35735294117647,77.89560255813686,76.34967320261438,73.62801545076888,30727.0,74080.0,0.0,0.0,33.0,17.0,17.0,6.0,0.0,0.0,1.0
137000.0,2.705077831,2.8579982020049647E-7,137000.0,89.36277372262774,77.93378574721272,76.3651697238035,73.74707259953162,31727.0,74080.0,0.0,0.0,33.0,17.0,17.0,6.0,0.0,0.0,1.0
138000.0,2.72041047,2.875287346784127E-7,138000.0,89.36159420289856,77.9549827206188,76.37887759042349,73.83485715304141,32727.0,74080.0,0.0,0.0,33.0,17.0,17.0,6.0,0.0,0.0,1.0
139000.0,2.736570206,2.8936984240699336E-7,139000.0,89.35539568345324,77.9663355711344,76.37101153023093,73.9167224905687,33727.0,78584.0,0.0,0.0,35.0,18.0,18.0,6.0,0.0,0.0,1.0
140000.0,2.752285867,2.9116048597461425E-7,140000.0,89.36500000000001,78.00751436998756,76.40225057453048,74.0297570249952,34727.0,78616.0,0.0,0.0,35.0,18.0,18.0,6.0,0.0,0.0,1.0
141000.0,2.76880965,2.9305688610855266E-7,141000.0,89.37517730496454,78.05144797510883,76.43199874144577,74.15152613144227,35727.0,81792.0,0.0,0.0,37.0,19.0,19.0,7.0,0.0,0.0,1.0
142000.0,2.784471528,2.948570251429431E-7,142000.0,89.37535211267605,78.07196817478251,76.44018301919202,74.24107905070855,36727.0,82448.0,0.0,0.0,37.0,19.0,19.0,7.0,0.0,0.0,1.0
143000.0,2.801509317,2.968494412550183E-7,143000.0,89.37902097902098,78.10024496736837,76.45088766571052,74.33852600277095,37727.0,90144.0,0.0,0.0,41.0,21.0,21.0,7.0,0.0,0.0,1.0
144000.0,2.818005245,2.9879463985065807E-7,144000.0,89.39027777777778,78.14633194601413,76.479463021122,74.46047374667761,38727.0,93904.0,0.0,0.0,43.0,22.0,22.0,8.0,0.0,0.0,1.0
145000.0,2.834093327,3.0069287734003305E-7,145000.0,89.4151724137931,78.21563598758084,76.5446626423168,74.59234856887446,39727.0,94176.0,0.0,0.0,43.0,22.0,22.0,8.0,0.0,0.0,1.0
146000.0,2.850102429,3.025842477633161E-7,146000.0,89.43561643835616,78.27943164227035,76.58240340089579,74.73008175369038,40727.0,94768.0,0.0,0.0,43.0,22.0,22.0,8.0,0.0,0.0,1.0
147000.0,2.866243745,3.0449123840371955E-7,147000.0,89.46054421768707,78.35011871001132,76.64324911053488,74.86779353080493,41727.0,94768.0,0.0,0.0,43.0,22.0,22.0,8.0,0.0,0.0,1.0
148000.0,2.883086093,3.0649750389131593E-7,148000.0,89.48175675675675,78.41215439390872,76.69924710742565,74.99638606466536,42727.0,98520.0,0.0,0.0,45.0,23.0,23.0,8.0,0.0,0.0,1.0
149000.0,2.899086737,3.084066181611537E-7,149000.0,89.49597315436242,78.4580826976676,76.7350943171852,75.10220963713591,43727.0,99272.0,0.0,0.0,45.0,23.0,23.0,8.0,0.0,0.0,1.0
150000.0,2.915874715,3.1042662837450477E-7,150000.0,89.51533333333333,78.51755760977278,76.77780402811412,75.23463088939279,44727.0,103152.0,0.0,0.0,47.0,24.0,24.0,8.0,0.0,0.0,1.0
151000.0,2.932015775,3.1236883170996875E-7,151000.0,89.54370860927152,78.594325008069,76.84388061890445,75.38583855579459,45727.0,103160.0,0.0,0.0,47.0,24.0,24.0,8.0,0.0,0.0,1.0
152000.0,2.949039634,3.1443632036951245E-7,152000.0,89.55855263157895,78.64193172183698,76.87757688777516,75.4967500887743,46727.0,107464.0,0.0,0.0,49.0,25.0,25.0,9.0,0.0,0.0,1.0
153000.0,2.965346993,3.1641949257220017E-7,153000.0,89.581045751634,78.70407699687931,76.93086930724593,75.62090903529702,47727.0,108104.0,0.0,0.0,49.0,25.0,25.0,9.0,0.0,0.0,1.0
154000.0,2.981507951,3.183848940883844E-7,154000.0,89.60324675324675,78.76684029615112,76.98213027789359,75.75046193923608,48727.0,108112.0,0.0,0.0,49.0,25.0,25.0,9.0,0.0,0.0,1.0
155000.0,2.997787523,3.2036499028625774E-7,155000.0,89.62451612903226,78.82606951853201,77.0329325069264,75.87132976249418,49727.0,108176.0,0.0,0.0,49.0,25.0,25.0,9.0,0.0,0.0,1.0
156000.0,3.015231876,3.2248791493925554E-7,156000.0,89.64871794871794,78.88891628457044,77.09276098336004,75.99203104324943,50727.0,108424.0,0.0,0.0,51.0,26.0,26.0,9.0,0.0,0.0,1.0
157000.0,3.033210588,3.2469395295454167E-7,157000.0,89.66369426751592,78.93241677360189,77.13593327321911,76.08570712801544,51727.0,112288.0,0.0,0.0,53.0,27.0,27.0,9.0,0.0,0.0,1.0
158000.0,3.051226587,3.2694330635771135E-7,158000.0,89.68354430379748,78.98580428283137,77.18141475228536,76.19638710808009,52727.0,120552.0,0.0,0.0,57.0,29.0,29.0,9.0,0.0,0.0,1.0
159000.0,3.067683977,3.289992887598647E-7,159000.0,89.7006289308176,79.03455469693192,77.20997550656868,76.30787037037035,53727.0,120840.0,0.0,0.0,57.0,29.0,29.0,9.0,0.0,0.0,1.0
160000.0,3.084069709,3.310466921313809E-7,160000.0,89.72687499999999,79.09953761764147,77.2734185966125,76.42325401265113,54727.0,120928.0,0.0,0.0,57.0,29.0,29.0,9.0,0.0,0.0,1.0
161000.0,3.100448885,3.33093445820415E-7,161000.0,89.74844720496894,79.1562098005852,77.33047646517504,76.53539948820016,55727.0,120968.0,0.0,0.0,57.0,29.0,29.0,9.0,0.0,0.0,1.0
162000.0,3.116741533,3.3512969038215347E-7,162000.0,89.76666666666667,79.20545543912874,77.36637313127174,76.63885913984555,56727.0,121040.0,0.0,0.0,57.0,29.0,29.0,9.0,0.0,0.0,1.0
163000.0,3.133477103,3.37236600173575E-7,163000.0,89.78834355828221,79.25976718533664,77.42377387152779,76.74012381045543,57727.0,124560.0,0.0,0.0,57.0,29.0,29.0,9.0,0.0,0.0,1.0
164000.0,3.149994192,3.3931600449263204E-7,164000.0,89.81341463414634,79.31995575430764,77.48911915702101,76.84738621874826,58727.0,124560.0,0.0,0.0,57.0,29.0,29.0,9.0,0.0,0.0,1.0
165000.0,3.166342564,3.4137423600348316E-7,165000.0,89.83333333333333,79.37102775765996,77.54110212606436,76.94855164074093,59727.0,124576.0,0.0,0.0,57.0,29.0,29.0,9.0,0.0,0.0,1.0
166000.0,3.182922934,3.434617786022398E-7,166000.0,89.85060240963855,79.4161854239082,77.58173326414116,77.04100404725891,60727.0,124600.0,0.0,0.0,57.0,29.0,29.0,9.0,0.0,0.0,1.0
167000.0,3.199317855,3.455259723440411E-7,167000.0,89.86706586826347,79.4598679503842,77.62823902696987,77.13428640921006,61727.0,124600.0,0.0,0.0,57.0,29.0,29.0,9.0,0.0,0.0,1.0
168000.0,3.216547818,3.4771070638868113E-7,168000.0,89.88452380952381,79.50538681376861,77.67501740649755,77.23021679127476,62727.0,128032.0,0.0,0.0,59.0,30.0,30.0,9.0,0.0,0.0,1.0
169000.0,3.233129706,3.498142606947114E-7,169000.0,89.89822485207101,79.54196259211193,77.71483023744567,77.31024308555176,63727.0,128264.0,0.0,0.0,59.0,30.0,30.0,9.0,0.0,0.0,1.0
170000.0,3.249711054,3.51918123982503E-7,170000.0,89.9135294117647,79.5813192174779,77.75399265688449,77.39234765182078,64727.0,128352.0,0.0,0.0,59.0,30.0,30.0,9.0,0.0,0.0,1.0
171000.0,3.267081433,3.5413928458497945E-7,171000.0,89.92865497076023,79.62129135254001,77.79468268908431,77.4787498365372,65727.0,132152.0,0.0,0.0,61.0,31.0,31.0,9.0,0.0,0.0,1.0
172000.0,3.283817057,3.56282499852737E-7,172000.0,89.94651162790697,79.66588574211465,77.83815651193193,77.56703812773245,66727.0,132896.0,0.0,0.0,61.0,31.0,31.0,9.0,0.0,0.0,1.0
173000.0,3.300654069,3.584411732426304E-7,173000.0,89.96820809248554,79.71853081031921,77.88833961879521,77.66811642689862,67727.0,133464.0,0.0,0.0,61.0,31.0,31.0,9.0,0.0,0.0,1.0
174000.0,3.317425628,3.605914549030775E-7,174000.0,89.98908045977011,79.76802633244134,77.94058051770426,77.75947702404207,68727.0,133464.0,0.0,0.0,61.0,31.0,31.0,9.0,0.0,0.0,1.0
175000.0,3.340395899,3.6389045186329403E-7,175000.0,90.0,79.7984530667118,77.9721820127132,77.83407219759341,69727.0,192976.0,0.0,0.0,83.0,51.0,51.0,10.0,0.0,0.0,1.0
176000.0,3.360658466,3.6688980638874467E-7,176000.0,90.0215909090909,79.84899083115626,78.02552552552552,77.92498365930916,70727.0,209936.0,0.0,0.0,83.0,51.0,51.0,10.0,0.0,0.0,1.0
177000.0,3.379744569,3.697443250500098E-7,177000.0,90.03954802259886,79.89270820855923,78.07132106919413,78.01005325982563,71727.0,215872.0,0.0,0.0,83.0,51.0,51.0,10.0,0.0,0.0,1.0
178000.0,3.398542255,3.72559870754623E-7,178000.0,90.0561797752809,79.93375095459324,78.11112622583877,78.09297489974752,72727.0,216728.0,0.0,0.0,83.0,51.0,51.0,10.0,0.0,0.0,1.0
179000.0,3.417424077,3.7539118378803735E-7,179000.0,90.07262569832403,79.97390503555974,78.15235566047016,78.17275094580653,73727.0,217376.0,0.0,0.0,83.0,51.0,51.0,10.0,0.0,0.0,1.0
180000.0,3.436257953,3.7821671059293655E-7,180000.0,90.09055555555555,80.01740419827081,78.19091053590422,78.26002169488218,74727.0,217664.0,0.0,0.0,83.0,51.0,51.0,10.0,0.0,0.0,1.0
181000.0,3.455017231,3.81031317703821E-7,181000.0,90.10331491712708,80.04877157870257,78.22630638515116,78.3253675358461,75727.0,217720.0,0.0,0.0,83.0,51.0,51.0,10.0,0.0,0.0,1.0
182000.0,3.473849041,3.8385910687169456E-7,182000.0,90.12637362637362,80.10238762052366,78.2795257031656,78.42270838836724,76727.0,218192.0,0.0,0.0,83.0,51.0,51.0,10.0,0.0,0.0,1.0
183000.0,3.493194181,3.867647384966018E-7,183000.0,90.13715846994536,80.12928699665693,78.31587293959345,78.48081646278942,77727.0,218336.0,0.0,0.0,85.0,52.0,52.0,10.0,0.0,0.0,1.0
184000.0,3.512373169,3.8966387138191384E-7,184000.0,90.15489130434783,80.17098596707704,78.36343222970714,78.55984661088164,78727.0,222040.0,0.0,0.0,85.0,52.0,52.0,10.0,0.0,0.0,1.0
185000.0,3.53125374,3.925184029562707E-7,185000.0,90.17189189189189,80.21081757202083,78.40232820573735,78.63881480785271,79727.0,222144.0,0.0,0.0,85.0,52.0,52.0,10.0,0.0,0.0,1.0
186000.0,3.550717445,3.954772107600853E-7,186000.0,90.19569892473118,80.26451428167995,78.4630283561466,78.73377569940875,80727.0,225320.0,0.0,0.0,87.0,53.0,53.0,10.0,0.0,0.0,1.0
187000.0,3.571051024,3.9857578668688297E-7,187000.0,90.21283422459892,80.30402584017816,78.50389354130206,78.80707280075035,81727.0,226752.0,0.0,0.0,87.0,53.0,53.0,10.0,0.0,0.0,1.0
188000.0,3.590114051,4.014807862825648E-7,188000.0,90.23085106382979,80.34543205651784,78.55090743465769,78.8843155740532,82727.0,226760.0,0.0,0.0,87.0,53.0,53.0,10.0,0.0,0.0,1.0
189000.0,3.608992925,4.043610831253435E-7,189000.0,90.24021164021164,80.36918039981326,78.57930858290851,78.94196082012877,83727.0,227448.0,0.0,0.0,87.0,53.0,53.0,10.0,0.0,0.0,1.0
190000.0,3.627979275,4.0725777727992564E-7,190000.0,90.26315789473685,80.42010881023808,78.63346576734732,79.02779667165466,84727.0,227448.0,0.0,0.0,87.0,53.0,53.0,10.0,0.0,0.0,1.0
191000.0,3.647610134,4.1027250701149077E-7,191000.0,90.28272251308901,80.46415142048953,78.67794039932909,79.10662824207493,85727.0,231304.0,0.0,0.0,89.0,54.0,54.0,10.0,0.0,0.0,1.0
192000.0,3.666590477,4.1319071461784733E-7,192000.0,90.29427083333333,80.49221071724352,78.71064296485856,79.17039256013592,86727.0,231992.0,0.0,0.0,89.0,54.0,54.0,10.0,0.0,0.0,1.0
193000.0,3.685592736,4.161126064034321E-7,193000.0,90.31191709844559,80.53142272008921,78.75154834823914,79.23874664120272,87727.0,232056.0,0.0,0.0,89.0,54.0,54.0,10.0,0.0,0.0,1.0
194000.0,3.70441699,4.190073609145542E-7,194000.0,90.32886597938145,80.5695894854233,78.79137276180141,79.31080112477257,88727.0,232104.0,0.0,0.0,89.0,54.0,54.0,10.0,0.0,0.0,1.0
195000.0,3.723452417,4.219346679607486E-7,195000.0,90.34307692307692,80.60135325752518,78.83015558953144,79.36939207029154,89727.0,232120.0,0.0,0.0,89.0,54.0,54.0,10.0,0.0,0.0,1.0
196000.0,3.742244083,4.2482487785328566E-7,196000.0,90.35867346938775,80.63701199024185,78.87234185282081,79.43966924164944,90727.0,232200.0,0.0,0.0,89.0,54.0,54.0,10.0,0.0,0.0,1.0
197000.0,3.76107731,4.277216358512989E-7,197000.0,90.37005076142131,80.66276747697351,78.90212302183075,79.49058908744959,91727.0,232232.0,0.0,0.0,89.0,54.0,54.0,10.0,0.0,0.0,1.0
198000.0,3.7799318,4.306218984613544E-7,198000.0,90.38030303030304,80.68709023308706,78.92541408955621,79.54552776554732,92727.0,232280.0,0.0,0.0,89.0,54.0,54.0,10.0,0.0,0.0,1.0
199000.0,3.798699745,4.3350892610583427E-7,199000.0,90.38944723618091,80.70938171311299,78.95113361215057,79.60130551644696,93727.0,232296.0,0.0,0.0,89.0,54.0,54.0,10.0,0.0,0.0,1.0
200000.0,3.820450851,4.3702451230936967E-7,200000.0,90.375,80.68369393801362,78.92328074190053,79.60351349346783,94727.0,262544.0,0.0,0.0,109.0,73.0,73.0,10.0,0.0,0.0,1.0
201000.0,3.853052955,4.435392812482389E-7,201000.0,90.18358208955223,80.30089756286965,78.51332367770529,79.20184675710716,95727.0,409872.0,0.0,0.0,134.0,96.0,96.0,10.0,0.0,0.0,1.0
202000.0,3.879489212,4.4896059149207515E-7,202000.0,90.01435643564356,79.96185758622289,78.14649895450752,78.84197828709287,96727.0,430104.0,0.0,0.0,139.0,100.0,100.0,10.0,0.0,0.0,1.0
203000.0,3.905157391,4.542431436179596E-7,203000.0,89.85172413793103,79.63596879177818,77.80614718334895,78.49470222871757,97727.0,432840.0,0.0,1.0,139.0,100.0,100.0,10.0,0.0,0.0,1.0
204000.0,3.931056715,4.595797515211272E-7,204000.0,89.6970588235294,79.32609259292155,77.47628998553286,78.1651585825741,98727.0,433808.0,0.0,0.0,139.0,100.0,100.0,10.0,0.0,0.0,1.0
205000.0,3.958750631,4.6541206084734216E-7,205000.0,89.55121951219512,79.03388303380517,77.1629617783464,77.85634536657983,99727.0,433944.0,0.0,0.0,139.0,100.0,100.0,10.0,0.0,0.0,1.0
206000.0,3.98878306,4.718680683407971E-7,206000.0,89.40388349514564,78.73886701923391,76.85357991177469,77.54644392782933,100727.0,434064.0,0.0,0.0,139.0,100.0,100.0,10.0,0.0,0.0,1.0
207000.0,4.016539153,4.7473539403022345E-7,207000.0,89.28019323671498,78.49179590555066,76.59949170594874,77.28761514841351,4095.0,42304.0,1.0,0.0,16.0,10.0,10.0,2.0,0.0,0.0,1.0
208000.0,4.031585244,4.763076884533152E-7,208000.0,89.31298076923076,78.55787681035103,76.67495619143556,77.35847134795982,5095.0,46896.0,0.0,0.0,18.0,11.0,11.0,3.0,0.0,0.0,1.0
209000.0,4.050272636,4.780548943502226E-7,209000.0,89.29234449760766,78.5165233229657,76.63353310919456,77.31520901755667,57.0,4552.0,4.0,2.0,1.0,1.0,1.0,0.0,0.0,0.0,1.0
210000.0,4.068870031,4.798159711321731E-7,210000.0,89.15428571428572,78.23833341428397,76.33883584911541,77.02318261606442,788.0,4560.0,4.0,8.0,1.0,1.0,1.0,0.0,0.0,0.0,1.0
211000.0,4.082971326,4.811512905798664E-7,211000.0,89.0303317535545,77.98913846577322,76.08390163256871,76.759410801964,1788.0,4560.0,0.0,0.0,1.0,1.0,1.0,0.0,0.0,0.0,1.0
212000.0,4.098648552,4.827074501221439E-7,212000.0,89.0,77.92858302145964,76.03264165099333,76.702132973675,2788.0,22176.0,0.0,0.0,6.0,5.0,5.0,1.0,0.0,0.0,1.0
213000.0,4.116360795,4.845564106754957E-7,213000.0,89.02863849765258,77.98665738870584,76.10482831959753,76.7689921864127,3788.0,41872.0,0.0,0.0,16.0,10.0,10.0,2.0,0.0,0.0,1.0
214000.0,4.130926854,4.860773366192726E-7,214000.0,89.0696261682243,78.06892567364922,76.20350777244242,76.85526003324628,4788.0,41976.0,0.0,0.0,16.0,10.0,10.0,2.0,0.0,0.0,1.0
215000.0,4.145337008,4.875869342998496E-7,215000.0,89.10744186046512,78.1451060718342,76.2939193634919,76.937545545861,5788.0,43304.0,0.0,0.0,16.0,10.0,10.0,2.0,0.0,0.0,1.0
216000.0,4.160448458,4.891870127205631E-7,216000.0,89.14675925925926,78.22402263747983,76.384845523869,77.02162278724197,6788.0,47632.0,0.0,0.0,18.0,11.0,11.0,3.0,0.0,0.0,1.0
217000.0,4.174940925,4.907219999277734E-7,217000.0,89.1778801843318,78.28607522360396,76.47035248381859,77.08520354396782,7788.0,47752.0,0.0,0.0,18.0,11.0,11.0,3.0,0.0,0.0,1.0
218000.0,4.190891737,4.924405660017226E-7,218000.0,89.21559633027523,78.36157689412028,76.56102010906952,77.1632280374558,8788.0,54760.0,0.0,0.0,22.0,13.0,13.0,3.0,0.0,0.0,1.0
219000.0,4.205695255,4.940404534083002E-7,219000.0,89.24657534246575,78.4236292024023,76.63250017364383,77.22701427300505,9788.0,56048.0,0.0,0.0,22.0,13.0,13.0,3.0,0.0,0.0,1.0
220000.0,4.220570297,4.956482246850036E-7,220000.0,89.28318181818182,78.49658642058893,76.72074171348454,77.30012323808057,10788.0,56088.0,0.0,0.0,22.0,13.0,13.0,3.0,0.0,0.0,1.0
221000.0,4.236869114,4.9744354956934E-7,221000.0,89.32398190045248,78.5783406016981,76.8117936117936,77.38521997507908,11788.0,64024.0,0.0,0.0,26.0,15.0,15.0,3.0,0.0,0.0,1.0
222000.0,4.251968322,4.991076742544188E-7,222000.0,89.35315315315316,78.63657169126397,76.89156555830392,77.44204468452648,12788.0,64264.0,0.0,0.0,26.0,15.0,15.0,3.0,0.0,0.0,1.0
223000.0,4.266856377,5.007488353184463E-7,223000.0,89.39192825112107,78.71462868978017,76.986759798819,77.52655279208072,13788.0,64344.0,0.0,0.0,26.0,15.0,15.0,3.0,0.0,0.0,1.0
224000.0,4.281839986,5.02400808717155E-7,224000.0,89.42410714285714,78.77897049783925,77.0654636280907,77.59323540817388,14788.0,64416.0,0.0,0.0,26.0,15.0,15.0,3.0,0.0,0.0,1.0
225000.0,4.296772485,5.040492795368944E-7,225000.0,89.45688888888888,78.84499837574201,77.14599510587871,77.66542386924264,15788.0,64968.0,0.0,0.0,26.0,15.0,15.0,3.0,0.0,0.0,1.0
226000.0,4.311805762,5.057088757276967E-7,226000.0,89.49424778761062,78.91923243095782,77.23607635593139,77.7374589779653,16788.0,64968.0,0.0,0.0,26.0,15.0,15.0,3.0,0.0,0.0,1.0
227000.0,4.326923447,5.073804182884301E-7,227000.0,89.52555066079296,78.98190720672767,77.3100743384451,77.80132573989357,17788.0,65640.0,0.0,0.0,26.0,15.0,15.0,3.0,0.0,0.0,1.0
228000.0,4.341881922,5.090343572087189E-7,228000.0,89.56271929824563,79.05582508084437,77.39603715876062,77.87313571614536,18788.0,65640.0,0.0,0.0,26.0,15.0,15.0,3.0,0.0,0.0,1.0
229000.0,4.356808423,5.106847608058523E-7,229000.0,89.59650655021834,79.1235252113006,77.48268007523416,77.94319149724103,19788.0,65640.0,0.0,0.0,26.0,15.0,15.0,3.0,0.0,0.0,1.0
230000.0,4.371762423,5.123382358801569E-7,230000.0,89.62739130434782,79.18567366896366,77.55775888019265,78.0091440370186,20788.0,65648.0,0.0,0.0,26.0,15.0,15.0,3.0,0.0,0.0,1.0
231000.0,4.386754346,5.139959041292134E-7,231000.0,89.65930735930736,79.24952656854744,77.63054390170812,78.07445890624713,21788.0,65648.0,0.0,0.0,26.0,15.0,15.0,3.0,0.0,0.0,1.0
232000.0,4.401697448,5.15648174203427E-7,232000.0,89.68836206896552,79.3077236109581,77.70165725257723,78.13493949475378,22788.0,65648.0,0.0,0.0,26.0,15.0,15.0,3.0,0.0,0.0,1.0
233000.0,4.416803706,5.173185470877833E-7,233000.0,89.71888412017167,79.36806217524327,77.77396338804405,78.19021085982737,23788.0,65664.0,0.0,0.0,26.0,15.0,15.0,3.0,0.0,0.0,1.0
234000.0,4.431794812,5.189761870518902E-7,234000.0,89.7491452991453,79.42883061800946,77.84438327822215,78.25393227868183,24788.0,65664.0,0.0,0.0,26.0,15.0,15.0,3.0,0.0,0.0,1.0
235000.0,4.446772099,5.206324849640036E-7,235000.0,89.78127659574469,79.49326059635806,77.92039425897151,78.32123641353411,25788.0,65712.0,0.0,0.0,26.0,15.0,15.0,3.0,0.0,0.0,1.0
236000.0,4.461733863,5.222874068437471E-7,236000.0,89.80974576271187,79.55032227936645,77.98436412904172,78.38078371794066,26788.0,65800.0,0.0,0.0,26.0,15.0,15.0,3.0,0.0,0.0,1.0
237000.0,4.477437843,5.240369056949719E-7,237000.0,89.842194092827,79.61464575028731,78.05709493947789,78.4422236549896,27788.0,68848.0,0.0,0.0,28.0,16.0,16.0,3.0,0.0,0.0,1.0
238000.0,4.49538259,5.260966097367427E-7,238000.0,89.87016806722689,79.67078105481596,78.1262758689518,78.50174775288913,28788.0,81800.0,0.0,0.0,36.0,20.0,20.0,3.0,0.0,0.0,1.0
239000.0,4.510834447,5.278706587221905E-7,239000.0,89.90251046025105,79.7358115419171,78.19885090698851,78.57111144655876,29788.0,81920.0,0.0,0.0,36.0,20.0,20.0,3.0,0.0,0.0,1.0
240000.0,4.526007353,5.296173598471301E-7,240000.0,89.93208333333334,79.7955014257057,78.27341881417807,78.63817598330873,30788.0,83112.0,0.0,0.0,36.0,20.0,20.0,3.0,0.0,0.0,1.0
241000.0,4.541121489,5.313573266647442E-7,241000.0,89.95933609958506,79.8509858864071,78.3348703118425,78.7036303630363,31788.0,83120.0,0.0,0.0,36.0,20.0,20.0,3.0,0.0,0.0,1.0
242000.0,4.556268776,5.331012039324906E-7,242000.0,89.98719008264463,79.90662059356136,78.40008557598881,78.76038708320185,32788.0,83144.0,0.0,0.0,36.0,20.0,20.0,3.0,0.0,0.0,1.0
243000.0,4.571443404,5.348502702729254E-7,243000.0,90.01687242798354,79.96601369286641,78.46401051099038,78.82160878598992,33788.0,83664.0,0.0,0.0,36.0,20.0,20.0,3.0,0.0,0.0,1.0
244000.0,4.586649336,5.366053994744121E-7,244000.0,90.0483606557377,80.02919508639887,78.54359409378893,78.88797113419989,34788.0,84288.0,0.0,0.0,36.0,20.0,20.0,3.0,0.0,0.0,1.0
245000.0,4.601828948,5.38357522132539E-7,245000.0,90.08,80.09265156808522,78.61824452127706,78.95447814829889,35788.0,84296.0,0.0,0.0,36.0,20.0,20.0,3.0,0.0,0.0,1.0
246000.0,4.616983211,5.401069070358135E-7,246000.0,90.10772357723577,80.14850419461101,78.68548055110318,79.01485818752533,36788.0,84344.0,0.0,0.0,36.0,20.0,20.0,3.0,0.0,0.0,1.0
247000.0,4.632131305,5.418555797991794E-7,247000.0,90.13643724696357,80.20629560090424,78.75344472738689,79.07803550112928,37788.0,84344.0,0.0,0.0,36.0,20.0,20.0,3.0,0.0,0.0,1.0
248000.0,4.647304454,5.436095000560577E-7,248000.0,90.16008064516129,80.25292407646629,78.80985047150969,79.12042780748662,38788.0,84944.0,0.0,0.0,36.0,20.0,20.0,3.0,0.0,0.0,1.0
249000.0,4.662569759,5.453740729648802E-7,249000.0,90.185140562249,80.30336619436791,78.86667473755212,79.17479740611661,39788.0,84944.0,0.0,0.0,36.0,20.0,20.0,3.0,0.0,0.0,1.0
250000.0,4.677729279,5.471264805438386E-7,250000.0,90.214,80.36108264081831,78.93690110287473,79.23439290412936,40788.0,84960.0,0.0,0.0,36.0,20.0,20.0,3.0,0.0,0.0,1.0
251000.0,4.692940654,5.488849454112429E-7,251000.0,90.24342629482072,80.41995688392983,79.00894877597202,79.29503872298692,41788.0,84976.0,0.0,0.0,36.0,20.0,20.0,3.0,0.0,0.0,1.0
252000.0,4.70811881,5.506395700969129E-7,252000.0,90.27222222222223,80.47752352613587,79.08058336106772,79.35437142592451,42788.0,84976.0,0.0,0.0,36.0,20.0,20.0,3.0,0.0,0.0,1.0
253000.0,4.723354986,5.524009966073263E-7,253000.0,90.29841897233202,80.5295140421099,79.14400788525593,79.40492872066388,43788.0,85000.0,0.0,0.0,36.0,20.0,20.0,3.0,0.0,0.0,1.0
254000.0,4.738476532,5.541493274307619E-7,254000.0,90.32874015748031,80.58966955232964,79.21461449942461,79.46310632534652,44788.0,85040.0,0.0,0.0,36.0,20.0,20.0,3.0,0.0,0.0,1.0
255000.0,4.753717853,5.559115064628645E-7,255000.0,90.3564705882353,80.64540825809233,79.27957532861475,79.5235398937499,45788.0,85040.0,0.0,0.0,36.0,20.0,20.0,3.0,0.0,0.0,1.0
256000.0,4.768864,5.576627756572572E-7,256000.0,90.381640625,80.69588012841074,79.33566638972114,79.5763140650791,46788.0,85064.0,0.0,0.0,36.0,20.0,20.0,3.0,0.0,0.0,1.0
257000.0,4.784105624,5.594250843542291E-7,257000.0,90.40856031128405,80.74953388422689,79.40031087563302,79.62910930036527,47788.0,85064.0,0.0,0.0,36.0,20.0,20.0,3.0,0.0,0.0,1.0
258000.0,4.799434203,5.611974471998106E-7,258000.0,90.4375968992248,80.80756573580378,79.46632930777618,79.68829757455006,48788.0,85064.0,0.0,0.0,36.0,20.0,20.0,3.0,0.0,0.0,1.0
259000.0,4.814743481,5.629676100566005E-7,259000.0,90.46216216216216,80.8573050819431,79.52659975633811,79.7451644378121,49788.0,85072.0,0.0,0.0,36.0,20.0,20.0,3.0,0.0,0.0,1.0
260000.0,4.829897673,5.647198408151681E-7,260000.0,90.49076923076923,80.91500047401948,79.59325167552576,79.80857180190775,50788.0,85072.0,0.0,0.0,36.0,20.0,20.0,3.0,0.0,0.0,1.0
261000.0,4.845074068,5.664746388356216E-7,261000.0,90.5183908045977,80.97012505911991,79.65754775918194,79.86378948396231,51788.0,85072.0,0.0,0.0,36.0,20.0,20.0,3.0,0.0,0.0,1.0
262000.0,4.86070078,5.682815055706925E-7,262000.0,90.54427480916031,81.02159229744694,79.71705064596945,79.91324441561602,52788.0,85072.0,0.0,0.0,36.0,20.0,20.0,3.0,0.0,0.0,1.0
263000.0,4.87595026,5.700447857363847E-7,263000.0,90.57110266159695,81.07496785699504,79.77819456902878,79.96525954352656,53788.0,85080.0,0.0,0.0,36.0,20.0,20.0,3.0,0.0,0.0,1.0
264000.0,4.891097947,5.717963270420844E-7,264000.0,90.59734848484848,81.12734265440777,79.84049767324763,80.01754894384338,54788.0,85088.0,0.0,0.0,36.0,20.0,20.0,3.0,0.0,0.0,1.0
265000.0,4.906438108,5.735701242975719E-7,265000.0,90.62377358490566,81.18022649478077,79.90066412664515,80.07218189838395,55788.0,85088.0,0.0,0.0,36.0,20.0,20.0,3.0,0.0,0.0,1.0
266000.0,4.921545503,5.753170066013864E-7,266000.0,90.65037593984962,81.23362986126962,79.96600584828298,80.1292755614858,56788.0,85088.0,0.0,0.0,36.0,20.0,20.0,3.0,0.0,0.0,1.0
267000.0,4.936741946,5.770741856092581E-7,267000.0,90.67640449438203,81.28595626396468,80.02727856225931,80.18530015760065,57788.0,85088.0,0.0,0.0,36.0,20.0,20.0,3.0,0.0,0.0,1.0
268000.0,4.952653128,5.78926820281168E-7,268000.0,90.70223880597015,81.33762445120539,80.09044712199174,80.23855219122242,58788.0,88176.0,0.0,0.0,38.0,21.0,21.0,4.0,0.0,0.0,1.0
269000.0,4.968749627,5.808177225432228E-7,269000.0,90.72565055762082,81.38408253994974,80.14310842970733,80.28371596791402,59788.0,92160.0,0.0,0.0,40.0,22.0,22.0,4.0,0.0,0.0,1.0
270000.0,4.985226748,5.827517007168417E-7,270000.0,90.75,81.4326333699814,80.20261111507455,80.33154827531894,60788.0,91760.0,0.0,0.0,44.0,24.0,24.0,4.0,0.0,0.0,1.0
271000.0,5.002081746,5.847647753226337E-7,271000.0,90.77638376383764,81.4852223272539,80.2635630759027,80.38390909233595,61788.0,99696.0,0.0,0.0,44.0,24.0,24.0,4.0,0.0,0.0,1.0
272000.0,5.018063381,5.86673969910198E-7,272000.0,90.79779411764706,81.528250932153,80.31505351820248,80.42879929940887,62788.0,99800.0,0.0,0.0,44.0,24.0,24.0,4.0,0.0,0.0,1.0
273000.0,5.033944808,5.885713578130279E-7,273000.0,90.82014652014652,81.57294971127627,80.36387284822176,80.47417957428242,63788.0,99840.0,0.0,0.0,44.0,24.0,24.0,4.0,0.0,0.0,1.0
274000.0,5.049835013,5.904698602151286E-7,274000.0,90.8463503649635,81.62566696714744,80.42473814838517,80.53080171396634,64788.0,99856.0,0.0,0.0,44.0,24.0,24.0,4.0,0.0,0.0,1.0
275000.0,5.065741956,5.923703953321148E-7,275000.0,90.86981818181819,81.67252643618153,80.48287548777266,80.57798818032737,65788.0,99864.0,0.0,0.0,44.0,24.0,24.0,4.0,0.0,0.0,1.0
276000.0,5.081642684,5.942720636607743E-7,276000.0,90.89528985507246,81.72357267689557,80.54217707091198,80.63141181276542,66788.0,100320.0,0.0,0.0,44.0,24.0,24.0,4.0,0.0,0.0,1.0
277000.0,5.097579003,5.961781534510391E-7,277000.0,90.91768953068592,81.76848458158776,80.59649691108078,80.67801296427145,67788.0,100360.0,0.0,0.0,44.0,24.0,24.0,4.0,0.0,0.0,1.0
278000.0,5.113464789,5.980786265633416E-7,278000.0,90.93776978417266,81.80929722553128,80.64310411064157,80.72485501369528,68788.0,100464.0,0.0,0.0,44.0,24.0,24.0,4.0,0.0,0.0,1.0
279000.0,5.129317864,5.999754816288372E-7,279000.0,90.9605734767025,81.85512853146805,80.69297077151563,80.77333577287837,69788.0,100536.0,0.0,0.0,44.0,24.0,24.0,4.0,0.0,0.0,1.0
280000.0,5.145166172,6.018717663123661E-7,280000.0,90.985,81.90389530995478,80.75040036604896,80.82206351618296,70788.0,100536.0,0.0,0.0,44.0,24.0,24.0,4.0,0.0,0.0,1.0
281000.0,5.160991558,6.037654065854347E-7,281000.0,91.00640569395017,81.94685102129523,80.80087517378125,80.86701088684644,71788.0,100560.0,0.0,0.0,44.0,24.0,24.0,4.0,0.0,0.0,1.0
282000.0,5.176920639,6.056715537364198E-7,282000.0,91.02978723404256,81.99319886850719,80.85449385052034,80.91127243091506,72788.0,100584.0,0.0,0.0,44.0,24.0,24.0,4.0,0.0,0.0,1.0
283000.0,5.192770225,6.075681881498045E-7,283000.0,91.05265017667844,82.03895230731952,80.90595119597019,80.958504414264,73788.0,100584.0,0.0,0.0,44.0,24.0,24.0,4.0,0.0,0.0,1.0
284000.0,5.208628676,6.09465916210634E-7,284000.0,91.07464788732395,82.08307783722103,80.9556724267468,81.00448134770163,74788.0,100592.0,0.0,0.0,44.0,24.0,24.0,4.0,0.0,0.0,1.0
285000.0,5.224537651,6.113696903104207E-7,285000.0,91.09754385964912,82.12924464799508,81.00940847136667,81.05520959335752,75788.0,100592.0,0.0,0.0,44.0,24.0,24.0,4.0,0.0,0.0,1.0
286000.0,5.240420848,6.132703796427258E-7,286000.0,91.12062937062937,82.17558364235869,81.05840232714253,81.10378593963927,76788.0,100592.0,0.0,0.0,44.0,24.0,24.0,4.0,0.0,0.0,1.0
287000.0,5.256273845,6.151674550415239E-7,287000.0,91.13867595818816,82.21201925563962,81.10212816549756,81.14402224281743,77788.0,100592.0,0.0,0.0,44.0,24.0,24.0,4.0,0.0,0.0,1.0
288000.0,5.272074866,6.170583106453567E-7,288000.0,91.159375,82.25332665592893,81.15033241038245,81.18557272384668,78788.0,100592.0,0.0,0.0,44.0,24.0,24.0,4.0,0.0,0.0,1.0
289000.0,5.287926287,6.189551974494791E-7,289000.0,91.18166089965398,82.29848610633793,81.19770993492791,81.23688569850913,79788.0,100592.0,0.0,0.0,44.0,24.0,24.0,4.0,0.0,0.0,1.0
290000.0,5.303900166,6.208667383949722E-7,290000.0,91.20448275862068,82.3439752428327,81.25105663567201,81.28201364937256,80788.0,100592.0,0.0,0.0,44.0,24.0,24.0,4.0,0.0,0.0,1.0
291000.0,5.319840147,6.227742228796038E-7,291000.0,91.22577319587629,82.38634961492424,81.30012230758527,81.32433183633465,81788.0,100592.0,0.0,0.0,44.0,24.0,24.0,4.0,0.0,0.0,1.0
292000.0,5.335928513,6.24699497399996E-7,292000.0,91.24726027397261,82.42923182348953,81.35228408618313,81.36737431470898,82788.0,100600.0,0.0,0.0,44.0,24.0,24.0,4.0,0.0,0.0,1.0
293000.0,5.351855258,6.26605430938634E-7,293000.0,91.26450511945391,82.4638349998922,81.39560239869161,81.4037127184219,83788.0,100600.0,0.0,0.0,44.0,24.0,24.0,4.0,0.0,0.0,1.0
294000.0,5.367731393,6.285053080422384E-7,294000.0,91.28673469387755,82.50820451591414,81.4467709110398,81.44851759048709,84788.0,100600.0,0.0,0.0,44.0,24.0,24.0,4.0,0.0,0.0,1.0
295000.0,5.383549664,6.303982606337546E-7,295000.0,91.30813559322034,82.55088339608129,81.493056558016,81.49065184436584,85788.0,100600.0,0.0,0.0,44.0,24.0,24.0,4.0,0.0,0.0,1.0
296000.0,5.4002147,6.324082375021109E-7,296000.0,91.33006756756757,82.5948919158462,81.54219051180988,81.53674592611245,86788.0,104216.0,0.0,0.0,46.0,25.0,25.0,4.0,0.0,0.0,1.0
297000.0,5.416277547,6.343463154694206E-7,297000.0,91.34848484848484,82.63162882489196,81.58447347863166,81.57311589681805,87788.0,104392.0,0.0,0.0,46.0,25.0,25.0,4.0,0.0,0.0,1.0
298000.0,5.432336629,6.362868639322842E-7,298000.0,91.36778523489933,82.67009097480353,81.62938840803267,81.611528893718,88788.0,105096.0,0.0,0.0,46.0,25.0,25.0,4.0,0.0,0.0,1.0
299000.0,5.44838242,6.382258727532911E-7,299000.0,91.3876254180602,82.7098677215682,81.6785366166018,81.65269000306371,89788.0,105112.0,0.0,0.0,46.0,25.0,25.0,4.0,0.0,0.0,1.0
300000.0,5.470693857,6.413238585618569E-7,300000.0,91.39666666666668,82.72758121072957,81.70113508263204,81.66838311019569,90788.0,174872.0,0.0,0.0,86.0,63.0,63.0,5.0,0.0,0.0,1.0
301000.0,5.510974029,6.494718631965352E-7,301000.0,91.27142857142857,82.47700700354865,81.43919859273335,81.41582904797944,91788.0,419784.0,0.0,1.0,155.0,128.0,128.0,5.0,0.0,0.0,1.0
302000.0,5.554064549,6.535007655277782E-7,302000.0,91.14735099337749,82.22956213632037,81.17796974113108,81.17359585375472,79.0,4560.0,3.0,1.0,1.0,1.0,1.0,0.0,0.0,0.0,1.0
303000.0,5.570630093,6.550689223036104E-7,303000.0,91.06501650165016,82.06661023597783,81.00446945405302,81.01698955944944,736.0,4560.0,3.0,3.0,1.0,1.0,1.0,0.0,0.0,0.0,1.0
304000.0,5.585398951,6.564843899076159E-7,304000.0,90.99473684210525,81.92852075055768,80.85299836338457,80.88948768245946,1736.0,9088.0,0.0,0.0,3.0,2.0,2.0,1.0,0.0,0.0,1.0
305000.0,5.599529697,6.57838699982466E-7,305000.0,90.92557377049181,81.79257579827858,80.70509334783398,80.76249391812054,2736.0,9088.0,0.0,0.0,3.0,2.0,2.0,1.0,0.0,0.0,1.0
306000.0,5.613585308,6.591858381054526E-7,306000.0,90.87647058823529,81.6961817593766,80.6056311610362,80.6761078117862,3736.0,9096.0,0.0,0.0,3.0,2.0,2.0,1.0,0.0,0.0,1.0
307000.0,5.628488134,6.606315716665793E-7,307000.0,90.83941368078176,81.62390925398215,80.52356383531286,80.61912933214799,4736.0,13584.0,0.0,0.0,5.0,3.0,3.0,2.0,0.0,0.0,1.0
308000.0,5.64266497,6.62007023132946E-7,308000.0,90.79285714285714,81.53203062657914,80.42750557330885,80.54005832904443,5736.0,13624.0,0.0,0.0,5.0,3.0,3.0,2.0,0.0,0.0,1.0
309000.0,5.659378514,6.637158949508494E-7,309000.0,90.74595469255662,81.43945525194783,80.32950402421406,80.45788484537843,6736.0,33752.0,0.0,0.0,12.0,8.0,8.0,3.0,0.0,0.0,1.0
310000.0,5.67380654,6.65191950544042E-7,310000.0,90.71096774193549,81.3705389806236,80.25399089363103,80.40501918941725,7736.0,33984.0,0.0,0.0,12.0,8.0,8.0,3.0,0.0,0.0,1.0
311000.0,5.688135479,6.666578987217236E-7,311000.0,90.67909967845658,81.30769943095129,80.1863256392555,80.35657412364216,8736.0,33992.0,0.0,0.0,12.0,8.0,8.0,3.0,0.0,0.0,1.0
312000.0,5.702940699,6.681726349756988E-7,312000.0,90.63846153846154,81.22739709890826,80.10327116173244,80.28817276868567,9736.0,34008.0,0.0,0.0,12.0,8.0,8.0,3.0,0.0,0.0,1.0
313000.0,5.717737347,6.696864942201348E-7,313000.0,90.60894568690095,81.16950936226964,80.04087702263175,80.24437454633437,10736.0,34008.0,0.0,0.0,12.0,8.0,8.0,3.0,0.0,0.0,1.0
314000.0,5.734105708,6.714356842464805E-7,314000.0,90.56847133757961,81.08981322072223,79.9574989340895,80.18069265517818,11736.0,51568.0,0.0,0.0,17.0,12.0,12.0,4.0,0.0,0.0,1.0
315000.0,5.749894517,6.731391812498057E-7,315000.0,90.55460317460317,81.06397254391725,79.92849192161096,80.17312613284999,12736.0,55520.0,0.0,0.0,19.0,13.0,13.0,4.0,0.0,0.0,1.0
316000.0,5.766733416,6.749726683765523E-7,316000.0,90.53512658227848,81.02652291916532,79.88932370463012,80.14801539891145,13736.0,59328.0,0.0,0.0,21.0,14.0,14.0,5.0,0.0,0.0,1.0
317000.0,5.784362641,6.76969193880299E-7,317000.0,90.51608832807571,80.98999643718378,79.84756976331082,80.12560322601969,14736.0,76168.0,0.0,0.0,26.0,18.0,18.0,5.0,0.0,0.0,1.0
318000.0,5.802172609,6.790215739177061E-7,318000.0,90.50314465408805,80.96557012712145,79.82241048700149,80.11601187772006,15736.0,83800.0,0.0,0.0,30.0,20.0,20.0,5.0,0.0,0.0,1.0
319000.0,5.818745711,6.80935707815403E-7,319000.0,90.48369905956113,80.92835101529327,79.78006314359173,80.09377049180328,16736.0,84800.0,0.0,0.0,30.0,20.0,20.0,5.0,0.0,0.0,1.0
320000.0,5.834855249,6.827968018379825E-7,320000.0,90.469375,80.90109222098043,79.75209629339476,80.08072732972803,17736.0,84920.0,0.0,0.0,30.0,20.0,20.0,5.0,0.0,0.0,1.0
321000.0,5.85230839,6.848914656140051E-7,321000.0,90.45545171339565,80.8747982732777,79.72269102220459,80.0714197438516,18736.0,102232.0,0.0,0.0,35.0,24.0,24.0,5.0,0.0,0.0,1.0
322000.0,5.875581317,6.881107220438326E-7,322000.0,90.43385093167701,80.83279117608907,79.6759017940208,80.04211481145524,19736.0,172912.0,0.0,0.0,55.0,43.0,43.0,5.0,0.0,0.0,1.0
323000.0,5.895003044,6.90803124983747E-7,323000.0,90.42012383900929,80.8065985370817,79.64905588403587,80.02981683941503,20736.0,174080.0,0.0,0.0,55.0,43.0,43.0,5.0,0.0,0.0,1.0
324000.0,5.914046769,6.934435202412138E-7,324000.0,90.40462962962962,80.77712150258829,79.61778010883106,80.0185103059985,21736.0,174160.0,0.0,0.0,55.0,43.0,43.0,5.0,0.0,0.0,1.0
325000.0,5.932372736,6.959895571443249E-7,325000.0,90.39630769230769,80.76170502145922,79.60066664488087,80.01677433398851,22736.0,175248.0,0.0,0.0,55.0,43.0,43.0,5.0,0.0,0.0,1.0
326000.0,5.95156562,6.986783589106857E-7,326000.0,90.38128834355828,80.7330221743203,79.56812687739053,80.004718725689,23736.0,179720.0,0.0,0.0,57.0,44.0,44.0,5.0,0.0,0.0,1.0
327000.0,5.970771308,7.013924456237812E-7,327000.0,90.368501529052,80.70882416591817,79.5419262223204,79.99796772493157,24736.0,184424.0,0.0,0.0,59.0,45.0,45.0,6.0,0.0,0.0,1.0
328000.0,5.990070671,7.041458124207888E-7,328000.0,90.35670731707317,80.68651770901255,79.51531008756024,79.992409387058,25736.0,189616.0,0.0,0.0,61.0,46.0,46.0,6.0,0.0,0.0,1.0
329000.0,6.00859824,7.067916010543639E-7,329000.0,90.3531914893617,80.68067045876171,79.50694767291701,80.0018902996125,26736.0,190144.0,0.0,0.0,61.0,46.0,46.0,6.0,0.0,0.0,1.0
330000.0,6.027950152,7.095759746534726E-7,330000.0,90.3409090909091,80.65729586030017,79.47996600916724,79.99347238000792,27736.0,194288.0,0.0,0.0,63.0,47.0,47.0,6.0,0.0,0.0,1.0
331000.0,6.04625799,7.122133843199554E-7,331000.0,90.32779456193354,80.63220901092157,79.45346143232126,79.98311866950107,28736.0,194976.0,0.0,0.0,63.0,47.0,47.0,6.0,0.0,0.0,1.0
332000.0,6.065280419,7.149727918448834E-7,332000.0,90.31596385542169,80.60980979881009,79.42809976581395,79.97733118270195,29736.0,198824.0,0.0,0.0,65.0,48.0,48.0,6.0,0.0,0.0,1.0
333000.0,6.084414981,7.177753941444801E-7,333000.0,90.31261261261261,80.60413310634722,79.42416491794285,79.98610275277169,30736.0,204240.0,0.0,0.0,67.0,49.0,49.0,6.0,0.0,0.0,1.0
334000.0,6.102832937,7.204776106976631E-7,334000.0,90.30508982035929,80.59014223536715,79.40729434958187,79.98739207554867,31736.0,205200.0,0.0,0.0,67.0,49.0,49.0,6.0,0.0,0.0,1.0
335000.0,6.121340876,7.231931441468039E-7,335000.0,90.29820895522388,80.57735380188521,79.39166053719532,79.98941010596052,32736.0,205224.0,0.0,0.0,67.0,49.0,49.0,6.0,0.0,0.0,1.0
336000.0,6.139829243,7.259081400221066E-7,336000.0,90.28958333333334,80.56088042931884,79.37780081282827,79.98503186862398,33736.0,205712.0,0.0,0.0,67.0,49.0,49.0,6.0,0.0,0.0,1.0
337000.0,6.158377552,7.28632015087985E-7,337000.0,90.28367952522255,80.55003304269152,79.36553949308697,79.989855595006,34736.0,205728.0,0.0,0.0,67.0,49.0,49.0,6.0,0.0,0.0,1.0
338000.0,6.1769714,7.313651559828219E-7,338000.0,90.27041420118344,80.52434763701064,79.3399800222394,79.97747267801152,35736.0,206264.0,0.0,0.0,67.0,49.0,49.0,6.0,0.0,0.0,1.0
339000.0,6.19643337,7.342451567589985E-7,339000.0,90.2622418879056,80.50886182080748,79.32095091928461,79.97658647838797,36736.0,210064.0,0.0,0.0,69.0,50.0,50.0,6.0,0.0,0.0,1.0
340000.0,6.215869096,7.371407424793968E-7,340000.0,90.25088235294118,80.48699108003679,79.29360761114685,79.96918056562727,37736.0,213912.0,0.0,0.0,71.0,51.0,51.0,6.0,0.0,0.0,1.0
341000.0,6.234627085,7.399356677271629E-7,341000.0,90.24428152492668,80.47464713149822,79.28412636141157,79.97182437191829,38736.0,213976.0,0.0,0.0,71.0,51.0,51.0,6.0,0.0,0.0,1.0
342000.0,6.254126486,7.42863379673322E-7,342000.0,90.23391812865496,80.45452724552963,79.26393165789212,79.9630456170662,39736.0,218376.0,0.0,0.0,73.0,52.0,52.0,6.0,0.0,0.0,1.0
343000.0,6.27299556,7.45696920618669E-7,343000.0,90.23265306122448,80.45285302288269,79.25868142617459,79.97573323291913,40736.0,218472.0,0.0,0.0,73.0,52.0,52.0,6.0,0.0,0.0,1.0
344000.0,6.291988972,7.48549172526521E-7,344000.0,90.23255813953487,80.45331751460509,79.2646350946051,79.98880325896633,41736.0,218480.0,0.0,0.0,73.0,52.0,52.0,6.0,0.0,0.0,1.0
345000.0,6.311071118,7.514172377002752E-7,345000.0,90.22956521739131,80.44800978775018,79.25827472263758,79.99667679453096,42736.0,218984.0,0.0,0.0,73.0,52.0,52.0,6.0,0.0,0.0,1.0
346000.0,6.330781287,7.544018455513128E-7,346000.0,90.22369942196532,80.43690894573491,79.24492413039877,79.99834433170132,43736.0,223304.0,0.0,0.0,75.0,53.0,53.0,6.0,0.0,0.0,1.0
347000.0,6.349893862,7.572962793109832E-7,347000.0,90.22190201729107,80.43396826392554,79.24072317905106,80.00942673658163,44736.0,223368.0,0.0,0.0,75.0,53.0,53.0,6.0,0.0,0.0,1.0
348000.0,6.368840066,7.60165674469986E-7,348000.0,90.22557471264368,80.44189192338173,79.25066948082447,80.03005912018364,45736.0,223400.0,0.0,0.0,75.0,53.0,53.0,6.0,0.0,0.0,1.0
349000.0,6.387981048,7.6306460829492E-7,349000.0,90.22091690544413,80.43312428238671,79.23849962892217,80.03381422069337,46736.0,223408.0,0.0,0.0,75.0,53.0,53.0,6.0,0.0,0.0,1.0
350000.0,6.406959413,7.659415843883112E-7,350000.0,90.21657142857143,80.42511025047911,79.22914543601688,80.04196537856268,47736.0,223952.0,0.0,0.0,75.0,53.0,53.0,6.0,0.0,0.0,1.0
351000.0,6.426733328,7.689582714286526E-7,351000.0,90.21680911680912,80.4261879350563,79.2302760506133,80.05842111987363,48736.0,227664.0,0.0,0.0,77.0,54.0,54.0,7.0,0.0,0.0,1.0
352000.0,6.44589063,7.718814833789605E-7,352000.0,90.20880681818181,80.41082011687487,79.21202945842106,80.05855431027999,49736.0,227784.0,0.0,0.0,77.0,54.0,54.0,7.0,0.0,0.0,1.0
353000.0,6.465057371,7.74806135625903E-7,353000.0,90.20963172804532,80.41307158174772,79.21040442260147,80.07678738196535,50736.0,227784.0,0.0,0.0,77.0,54.0,54.0,7.0,0.0,0.0,1.0
354000.0,6.484961891,7.778658165482324E-7,354000.0,90.20706214689265,80.4084104122164,79.20645393474088,80.0851352282911,51736.0,232120.0,0.0,0.0,79.0,55.0,55.0,7.0,0.0,0.0,1.0
355000.0,6.505737467,7.810981778859737E-7,355000.0,90.20253521126762,80.399835058832,79.19473123811119,80.08987349018261,52736.0,239288.0,0.0,0.0,83.0,57.0,57.0,7.0,0.0,0.0,1.0
356000.0,6.525023874,7.841053535289148E-7,356000.0,90.20449438202247,80.4042710892173,79.19865428320895,80.10883329340497,53736.0,240592.0,0.0,0.0,83.0,57.0,57.0,7.0,0.0,0.0,1.0
357000.0,6.544360411,7.871208657900902E-7,357000.0,90.20112044817927,80.39799738831657,79.19484242391802,80.1159552094583,54736.0,240696.0,0.0,0.0,83.0,57.0,57.0,7.0,0.0,0.0,1.0
358000.0,6.565369259,7.904177826980497E-7,358000.0,90.20223463687151,80.40058092908326,79.19992409597116,80.13118988546374,55736.0,244464.0,0.0,0.0,85.0,58.0,58.0,7.0,0.0,0.0,1.0
359000.0,6.585443091,7.93568798515076E-7,359000.0,90.20111420612812,80.39875651327807,79.19618673637147,80.14550257084643,56736.0,244624.0,0.0,0.0,85.0,58.0,58.0,7.0,0.0,0.0,1.0
360000.0,6.605154135,7.966656818146502E-7,360000.0,90.19638888888889,80.38966528355628,79.18541628577664,80.14905225265763,57736.0,245176.0,0.0,0.0,85.0,58.0,58.0,7.0,0.0,0.0,1.0
361000.0,6.626062589,7.999558012568739E-7,361000.0,90.19445983379501,80.3861416001846,79.18303497918187,80.15907269252112,58736.0,246104.0,0.0,0.0,89.0,60.0,60.0,7.0,0.0,0.0,1.0
362000.0,6.647910415,8.03481006334349E-7,362000.0,90.19337016574586,80.38427442983462,79.17986252844442,80.16959188461496,59736.0,261464.0,0.0,0.0,93.0,62.0,62.0,8.0,0.0,0.0,1.0
363000.0,6.668949057,8.068976795093007E-7,363000.0,90.19476584022038,80.38732508371724,79.1829453737279,80.18295398868646,60736.0,265488.0,0.0,0.0,95.0,63.0,63.0,8.0,0.0,0.0,1.0
364000.0,6.689267421,8.102017529195584E-7,364000.0,90.19587912087911,80.38981577142957,79.18785574321171,80.19677261830773,61736.0,266320.0,0.0,0.0,95.0,63.0,63.0,8.0,0.0,0.0,1.0
365000.0,6.70937592,8.134719904221383E-7,365000.0,90.19808219178083,80.39445228218118,79.19554800893191,80.21249294824287,62736.0,266376.0,0.0,0.0,95.0,63.0,63.0,8.0,0.0,0.0,1.0
366000.0,6.729351763,8.167241682102796E-7,366000.0,90.20027322404371,80.39905841886481,79.20283426397852,80.22898154477102,63736.0,267056.0,0.0,0.0,95.0,63.0,63.0,8.0,0.0,0.0,1.0
367000.0,6.750152739,8.201092185233218E-7,367000.0,90.2016348773842,80.40203591634001,79.20269277704199,80.24675082122101,64736.0,266776.0,0.0,0.0,97.0,64.0,64.0,8.0,0.0,0.0,1.0
368000.0,6.771444959,8.236002548126726E-7,368000.0,90.2024456521739,80.40383564318401,79.2047571533213,80.25984407165696,65736.0,271488.0,0.0,0.0,97.0,64.0,64.0,8.0,0.0,0.0,1.0
369000.0,6.792083464,8.269844508075688E-7,369000.0,90.20569105691057,80.41050934627006,79.21031287210725,80.27969967479319,66736.0,271552.0,0.0,0.0,97.0,64.0,64.0,8.0,0.0,0.0,1.0
370000.0,6.81223193,8.302887097192116E-7,370000.0,90.20567567567568,80.41063277043362,79.20955101947152,80.29268133517506,67736.0,271632.0,0.0,0.0,97.0,64.0,64.0,8.0,0.0,0.0,1.0
371000.0,6.832390196,8.335947009463045E-7,371000.0,90.21212938005391,80.4236870062101,79.22395198617714,80.31741041665538,68736.0,271656.0,0.0,0.0,97.0,64.0,64.0,8.0,0.0,0.0,1.0
372000.0,6.85341908,8.370634949524385E-7,372000.0,90.21424731182796,80.4280610335866,79.22630053185418,80.33482070507903,69736.0,275312.0,0.0,0.0,99.0,65.0,65.0,8.0,0.0,0.0,1.0
373000.0,6.873780155,8.404292950340355E-7,373000.0,90.21635388739946,80.43239599155653,79.2307648528516,80.35317235995585,70736.0,276672.0,0.0,0.0,99.0,65.0,65.0,8.0,0.0,0.0,1.0
374000.0,6.89401912,8.437749515333228E-7,374000.0,90.2168449197861,80.4334589198079,79.23403917206309,80.36491454023452,71736.0,276680.0,0.0,0.0,99.0,65.0,65.0,8.0,0.0,0.0,1.0
375000.0,6.915035591,8.472724495048236E-7,375000.0,90.2152,80.4302416818033,79.23029898226031,80.37282695907996,72736.0,280944.0,0.0,0.0,101.0,66.0,66.0,8.0,0.0,0.0,1.0
376000.0,6.935462888,8.506738859022756E-7,376000.0,90.21356382978723,80.42702913793136,79.23009623797026,80.38026989992055,73736.0,281320.0,0.0,0.0,101.0,66.0,66.0,8.0,0.0,0.0,1.0
377000.0,6.956495452,8.541971759824471E-7,377000.0,90.21750663129974,80.4349636923529,79.23844265801978,80.40101396055758,74736.0,285168.0,0.0,0.0,103.0,67.0,67.0,8.0,0.0,0.0,1.0
378000.0,6.977278346,8.576792445272595E-7,378000.0,90.22037037037038,80.4407241782432,79.2426343835455,80.41991747837648,75736.0,285280.0,0.0,0.0,103.0,67.0,67.0,8.0,0.0,0.0,1.0
379000.0,6.997582241,8.61081731554501E-7,379000.0,90.2221635883905,80.44432573965862,79.24921326419765,80.43472522134874,76736.0,285408.0,0.0,0.0,103.0,67.0,67.0,8.0,0.0,0.0,1.0
380000.0,7.01866832,8.646324895558646E-7,380000.0,90.22526315789474,80.45052531773736,79.2537980339589,80.44805659662273,77736.0,288536.0,0.0,0.0,105.0,68.0,68.0,8.0,0.0,0.0,1.0
381000.0,7.03905915,8.680705188667169E-7,381000.0,90.2283464566929,80.45667844044152,79.26355833551484,80.44334716604507,78736.0,289360.0,0.0,0.0,105.0,68.0,68.0,8.0,0.0,0.0,1.0
382000.0,7.059391684,8.714988453259335E-7,382000.0,90.23010471204188,80.46016042799361,79.2648439626866,80.43388223945308,79736.0,289384.0,0.0,0.0,105.0,68.0,68.0,8.0,0.0,0.0,1.0
383000.0,7.080501955,8.75082381391142E-7,383000.0,90.23342036553524,80.46674774581744,79.27312421386262,80.4298464983415,80736.0,293768.0,0.0,0.0,107.0,69.0,69.0,8.0,0.0,0.0,1.0
384000.0,7.101459963,8.786189034159126E-7,384000.0,90.23619791666667,80.4722423457091,79.27830835212451,80.42345446950712,81736.0,289872.0,0.0,0.0,109.0,70.0,70.0,8.0,0.0,0.0,1.0
385000.0,7.122764192,8.822596588085588E-7,385000.0,90.23402597402598,80.46781806629912,79.27413442404266,80.40708490315319,82736.0,298152.0,0.0,0.0,109.0,70.0,70.0,8.0,0.0,0.0,1.0
386000.0,7.144583775,8.860061416295581E-7,386000.0,90.23834196891191,80.47637291416379,79.28258813697244,80.4061256857596,83736.0,301256.0,0.0,0.0,111.0,71.0,71.0,8.0,0.0,0.0,1.0
387000.0,7.16574076,8.896424450417894E-7,387000.0,90.24160206718346,80.48280207297441,79.28869145552264,80.40207785198676,84736.0,301912.0,0.0,0.0,111.0,71.0,71.0,8.0,0.0,0.0,1.0
388000.0,7.186570589,8.932227348896878E-7,388000.0,90.2458762886598,80.49126309908833,79.30068859147767,80.40184350888096,85736.0,301952.0,0.0,0.0,111.0,71.0,71.0,8.0,0.0,0.0,1.0
389000.0,7.209112384,8.971437949595866E-7,389000.0,90.24987146529563,80.49912651375506,79.30756053116849,80.39856121056765,86736.0,309880.0,0.0,0.0,115.0,73.0,73.0,8.0,0.0,0.0,1.0
390000.0,7.230761851,9.009109373153577E-7,390000.0,90.25538461538461,80.50999943340958,79.32126475245262,80.39717336359416,87736.0,310112.0,0.0,0.0,115.0,73.0,73.0,8.0,0.0,0.0,1.0
391000.0,7.253267002,9.048505418821689E-7,391000.0,90.25805626598465,80.51519044156501,79.32556094701533,80.39144020550097,88736.0,314136.0,0.0,0.0,117.0,74.0,74.0,8.0,0.0,0.0,1.0
392000.0,7.274568639,9.085817155437229E-7,392000.0,90.26224489795919,80.52340153793736,79.33565752149153,80.38891314958,89736.0,314544.0,0.0,0.0,117.0,74.0,74.0,8.0,0.0,0.0,1.0
393000.0,7.295765613,9.122981099574201E-7,393000.0,90.26488549618321,80.5284860623092,79.34145801497866,80.38231388092689,90736.0,315192.0,0.0,0.0,117.0,74.0,74.0,8.0,0.0,0.0,1.0
394000.0,7.317336274,9.160812270150971E-7,394000.0,90.26852791878173,80.53560081943263,79.34815979833996,80.380297401574,91736.0,315408.0,0.0,0.0,117.0,74.0,74.0,8.0,0.0,0.0,1.0
395000.0,7.338487739,9.197915248216373E-7,395000.0,90.27012658227848,80.5386410493197,79.35330332104905,80.3751059549219,92736.0,315536.0,0.0,0.0,117.0,74.0,74.0,8.0,0.0,0.0,1.0
396000.0,7.359550228,9.234889174909988E-7,396000.0,90.27171717171717,80.54159715582588,79.35543337298907,80.36673495805685,93736.0,316032.0,0.0,0.0,117.0,74.0,74.0,8.0,0.0,0.0,1.0
397000.0,7.380607657,9.271856398108141E-7,397000.0,90.27430730478589,80.54656159413594,79.36266990213423,80.3616296220945,94736.0,316072.0,0.0,0.0,117.0,74.0,74.0,8.0,0.0,0.0,1.0
398000.0,7.402469445,9.310449265889777E-7,398000.0,90.27613065326634,80.54992071657466,79.36892945102511,80.35222922822301,95736.0,319824.0,0.0,0.0,119.0,75.0,75.0,8.0,0.0,0.0,1.0
399000.0,7.423616119,9.3477867370819E-7,399000.0,90.27568922305764,80.5487412937695,79.36433646768496,80.33790426383695,96736.0,319952.0,0.0,0.0,119.0,75.0,75.0,8.0,0.0,0.0,1.0
400000.0,7.445047945,9.385867204149932E-7,400000.0,90.269,80.53511292853315,79.35022493846023,80.3129773308921,97736.0,324272.0,0.0,0.0,119.0,75.0,75.0,8.0,0.0,0.0,1.0
401000.0,7.466857773,9.424932568151375E-7,401000.0,90.17905236907731,80.35495728029548,79.1587726632868,80.11994063544307,98736.0,329824.0,0.0,0.0,119.0,75.0,75.0,8.0,0.0,0.0,1.0
402000.0,7.488462954,9.463726613458117E-7,402000.0,90.08358208955224,80.16373984778767,78.95703675550699,79.91869550105031,99736.0,331528.0,0.0,0.0,119.0,75.0,75.0,8.0,0.0,0.0,1.0
403000.0,7.50996506,9.502349373606753E-7,403000.0,89.99032258064517,79.97695280728378,78.75989237517048,79.72272629023259,100736.0,331776.0,0.0,0.0,119.0,75.0,75.0,8.0,0.0,0.0,1.0
404000.0,7.53241185,9.542577951145458E-7,404000.0,89.90247524752475,79.80087968471214,78.57165369220587,79.53259211688207,101736.0,330296.0,0.0,1.0,139.0,94.0,94.0,8.0,0.0,0.0,1.0
405000.0,7.558605422,9.59169904841511E-7,405000.0,89.8120987654321,79.61975226739455,78.37949717567413,79.33985268860816,102736.0,362280.0,0.0,0.0,141.0,95.0,95.0,8.0,0.0,0.0,1.0
406000.0,7.585735597,9.644499101448261E-7,406000.0,89.72857142857143,79.45231205377263,78.20266886894525,79.16098243509981,103736.0,381296.0,0.0,0.0,141.0,95.0,95.0,8.0,0.0,0.0,1.0
407000.0,7.610998415,9.694086884491307E-7,407000.0,89.64545454545456,79.28564172930749,78.027403831114,78.98220047777929,104736.0,386952.0,0.0,0.0,141.0,95.0,95.0,8.0,0.0,0.0,1.0
408000.0,7.638761146,9.72004464309983E-7,408000.0,89.56446078431372,79.12328393726882,77.85769262772509,78.81077153535686,236.0,4560.0,3.0,2.0,1.0,1.0,1.0,0.0,0.0,0.0,1.0
409000.0,7.6549289,9.73535466699602E-7,409000.0,89.5041564792176,79.00230540028174,77.72924178361131,78.6781103942225,1236.0,4560.0,0.0,3.0,1.0,1.0,1.0,0.0,0.0,0.0,1.0
410000.0,7.677305946,9.76149667420389E-7,410000.0,89.44292682926829,78.87960179953956,77.60206985769727,78.54540587964132,2236.0,89968.0,0.0,1.0,23.0,21.0,21.0,2.0,0.0,0.0,1.0
411000.0,7.696939531,9.78463801816453E-7,411000.0,89.3875912408759,78.76852472166404,77.48823237953671,78.42291424472532,3236.0,93968.0,0.0,2.0,25.0,22.0,22.0,2.0,0.0,0.0,1.0
412000.0,7.716281757,9.807692946207727E-7,412000.0,89.32305825242719,78.63910955089459,77.35222492804961,78.28197051533974,4236.0,94568.0,0.0,0.0,25.0,22.0,22.0,2.0,0.0,0.0,1.0
413000.0,7.735036669,9.830050543558801E-7,413000.0,89.26174334140435,78.51604028990047,77.22129484578443,78.14577368662253,5236.0,94592.0,0.0,0.0,25.0,22.0,22.0,2.0,0.0,0.0,1.0
414000.0,7.753466165,9.852234571670033E-7,414000.0,89.2024154589372,78.39712722877998,77.09891596139265,78.01786030409725,6236.0,94600.0,0.0,0.0,25.0,22.0,22.0,2.0,0.0,0.0,1.0
415000.0,7.771808737,9.874533766623788E-7,415000.0,89.14240963855423,78.27688858934171,76.97323705418513,77.88743246094882,7236.0,94608.0,0.0,0.0,25.0,22.0,22.0,2.0,0.0,0.0,1.0
416000.0,7.789665088,9.896241859257238E-7,416000.0,89.07764423076922,78.14702707402724,76.83440399714489,77.7455061958172,8236.0,94608.0,0.0,0.0,25.0,22.0,22.0,2.0,0.0,0.0,1.0
417000.0,7.808512624,9.914756906849162E-7,417000.0,89.02877697841727,78.04936889926142,76.73401512416153,77.63798463252978,6919.0,18176.0,1.0,7.0,7.0,4.0,4.0,2.0,0.0,0.0,1.0
418000.0,7.824358207,9.930509557220295E-7,418000.0,88.98205741626795,77.95583258231706,76.63890354258817,77.53414634146341,7919.0,22712.0,0.0,3.0,9.0,5.0,5.0,3.0,0.0,0.0,1.0
419000.0,7.838975102,9.94504193576191E-7,419000.0,88.9400954653938,77.87160168535917,76.55080633327093,77.435800052587,8919.0,22720.0,0.0,1.0,9.0,5.0,5.0,3.0,0.0,0.0,1.0
420000.0,7.852986872,9.958972688201334E-7,420000.0,88.90523809523809,77.8018163115664,76.47931756807914,77.3581788586283,9919.0,22720.0,0.0,0.0,9.0,5.0,5.0,3.0,0.0,0.0,1.0
421000.0,7.866913652,9.972819518520946E-7,421000.0,88.86175771971496,77.71470864222933,76.38717539415974,77.25897187196897,10919.0,22736.0,0.0,0.0,9.0,5.0,5.0,3.0,0.0,0.0,1.0
422000.0,7.882017354,9.98801468910233E-7,422000.0,88.81682464454977,77.62466671429104,76.29564518559445,77.15830384929988,11919.0,27272.0,0.0,0.0,11.0,6.0,6.0,4.0,0.0,0.0,1.0
423000.0,7.902438033,1.0012802217005189E-6,423000.0,88.77754137115839,77.54575425405574,76.21228596769912,77.06759289675563,12919.0,107496.0,0.0,0.0,31.0,25.0,25.0,5.0,0.0,0.0,1.0
424000.0,7.919232035,1.0033208377331285E-6,424000.0,88.74009433962264,77.47045495884328,76.13413116180021,76.97915963469087,13919.0,107976.0,0.0,0.0,31.0,25.0,25.0,5.0,0.0,0.0,1.0
425000.0,7.935732526,1.0053264726389424E-6,425000.0,88.70376470588235,77.39756135603864,76.0601376284033,76.89853621919178,14919.0,108136.0,0.0,0.0,31.0,25.0,25.0,5.0,0.0,0.0,1.0
426000.0,7.952191132,1.0073272548622118E-6,426000.0,88.66408450704225,77.31789500991952,75.97725622071215,76.80736923498081,15919.0,108192.0,0.0,0.0,31.0,25.0,25.0,5.0,0.0,0.0,1.0
427000.0,7.968937283,1.0093630963236712E-6,427000.0,88.62693208430913,77.24337411557129,75.89590613087674,76.72391067825286,16919.0,108216.0,0.0,0.0,31.0,25.0,25.0,5.0,0.0,0.0,1.0
428000.0,7.985302187,1.0113526231856766E-6,428000.0,88.58808411214953,77.16547449030823,75.81538827187697,76.63673891102512,17919.0,108224.0,0.0,0.0,31.0,25.0,25.0,5.0,0.0,0.0,1.0
429000.0,8.002432468,1.0134554781313403E-6,429000.0,88.54895104895105,77.0867289225381,75.73367055092596,76.54493107910028,18919.0,112776.0,0.0,0.0,33.0,26.0,26.0,5.0,0.0,0.0,1.0
430000.0,8.018879927,1.015474580253652E-6,430000.0,88.5153488372093,77.01908963055149,75.66187631833147,76.46442068942511,19919.0,112792.0,0.0,0.0,33.0,26.0,26.0,5.0,0.0,0.0,1.0
431000.0,8.035982477,1.0175905607512135E-6,431000.0,88.48074245939675,76.94949741906439,75.58807332231926,76.38238763938045,20919.0,116488.0,0.0,0.0,35.0,27.0,27.0,5.0,0.0,0.0,1.0
432000.0,8.052538713,1.019638949587324E-6,432000.0,88.44999999999999,76.88757209391296,75.51921576708517,76.30701729393998,21919.0,116488.0,0.0,0.0,35.0,27.0,27.0,5.0,0.0,0.0,1.0
433000.0,8.075223148,1.0229132794935294E-6,433000.0,88.41408775981525,76.81528573209069,75.44672791076698,76.22281835933798,22919.0,196096.0,0.0,0.0,55.0,46.0,46.0,6.0,0.0,0.0,1.0
434000.0,8.094168124,1.0256536883204964E-6,434000.0,88.37880184331797,76.74432701804128,75.37244561634806,76.14021808548385,23919.0,197288.0,0.0,0.0,55.0,46.0,46.0,6.0,0.0,0.0,1.0
435000.0,8.113480157,1.0284672563757847E-6,435000.0,88.34206896551724,76.6705573363223,75.29281078868902,76.05552670097738,24919.0,201280.0,0.0,0.0,57.0,47.0,47.0,6.0,0.0,0.0,1.0
436000.0,8.1322507,1.0312023621338167E-6,436000.0,88.30573394495413,76.59778173059793,75.21666642363085,75.9749132991556,25919.0,201368.0,0.0,0.0,57.0,47.0,47.0,6.0,0.0,0.0,1.0
437000.0,8.150913722,1.0339219165961791E-6,437000.0,88.27322654462243,76.53253473638085,75.14755020586709,75.89954617066806,26919.0,201392.0,0.0,0.0,57.0,47.0,47.0,6.0,0.0,0.0,1.0
438000.0,8.17033776,1.036775118706232E-6,438000.0,88.2420091324201,76.46982239648933,75.08297610868662,75.8248876913472,27919.0,205896.0,0.0,0.0,59.0,48.0,48.0,6.0,0.0,0.0,1.0
439000.0,8.189110877,1.0395337558870613E-6,439000.0,88.21161731207289,76.40873466747402,75.01882602819076,75.7519105251074,28919.0,206112.0,0.0,0.0,59.0,48.0,48.0,6.0,0.0,0.0,1.0
440000.0,8.208640647,1.0424252044338625E-6,440000.0,88.1834090909091,76.35200078915695,74.96026815384171,75.68329778875295,29919.0,210368.0,0.0,0.0,61.0,49.0,49.0,6.0,0.0,0.0,1.0
441000.0,8.227509679,1.0452201952844833E-6,441000.0,88.15238095238095,76.28954854829395,74.89670017104528,75.60715986442197,30919.0,210648.0,0.0,0.0,61.0,49.0,49.0,6.0,0.0,0.0,1.0
442000.0,8.247209635,1.0481570629308346E-6,442000.0,88.12579185520362,76.23622615808642,74.84338227187975,75.54470393081468,31919.0,214312.0,0.0,0.0,63.0,50.0,50.0,6.0,0.0,0.0,1.0
443000.0,8.266552368,1.051042197014453E-6,443000.0,88.09932279909707,76.18304566240145,74.78682142737581,75.48135057203982,32919.0,214616.0,0.0,0.0,63.0,50.0,50.0,6.0,0.0,0.0,1.0
444000.0,8.28569481,1.0538974955994506E-6,444000.0,88.06981981981981,76.12369517611816,74.7220233834407,75.41014047369251,33919.0,214624.0,0.0,0.0,63.0,50.0,50.0,6.0,0.0,0.0,1.0
445000.0,8.305530374,1.0568782255090146E-6,445000.0,88.03999999999999,76.06370727356703,74.66210265223829,75.33837791751039,34919.0,218896.0,0.0,0.0,65.0,51.0,51.0,6.0,0.0,0.0,1.0
446000.0,8.326050065,1.0599842259497438E-6,446000.0,88.01367713004484,76.01071966116159,74.60946961960987,75.27370110498003,35919.0,223104.0,0.0,0.0,67.0,52.0,52.0,6.0,0.0,0.0,1.0
447000.0,8.345670869,1.0629571696631107E-6,447000.0,87.986129753915,75.95531412289014,74.55122737181308,75.20980861023145,36919.0,223696.0,0.0,0.0,67.0,52.0,52.0,6.0,0.0,0.0,1.0
448000.0,8.365639406,1.0659993739979895E-6,448000.0,87.95647321428571,75.89569792209004,74.48767294288984,75.13983984076226,37919.0,226880.0,0.0,0.0,69.0,53.0,53.0,6.0,0.0,0.0,1.0
449000.0,8.384927052,1.068941636859801E-6,449000.0,87.92672605790645,75.8359177983166,74.4254947750808,75.06852717171346,38919.0,227640.0,0.0,0.0,69.0,53.0,53.0,6.0,0.0,0.0,1.0
450000.0,8.40411663,1.0718690589361777E-6,450000.0,87.89777777777778,75.77780782736178,74.3692317829056,74.99885231602626,39919.0,227664.0,0.0,0.0,69.0,53.0,53.0,6.0,0.0,0.0,1.0
451000.0,8.424114723,1.0749427098214518E-6,451000.0,87.87760532150776,75.73718671262093,74.32576486886285,74.9485655634419,40919.0,232064.0,0.0,0.0,71.0,54.0,54.0,6.0,0.0,0.0,1.0
452000.0,8.444716827,1.078130045601367E-6,452000.0,87.85265486725665,75.6868814678957,74.27434884668908,74.8844996203354,41919.0,235952.0,0.0,0.0,73.0,55.0,55.0,6.0,0.0,0.0,1.0
453000.0,8.464172056,1.0811451031012994E-6,453000.0,87.82538631346578,75.63202996553453,74.21633574724518,74.81873470431384,42919.0,236976.0,0.0,0.0,73.0,55.0,55.0,6.0,0.0,0.0,1.0
454000.0,8.483408524,1.0841268952925414E-6,454000.0,87.79977973568282,75.58054445471316,74.16569885401653,74.75778152485985,43919.0,237104.0,0.0,0.0,73.0,55.0,55.0,6.0,0.0,0.0,1.0
455000.0,8.502561868,1.0870959612198084E-6,455000.0,87.77318681318681,75.52701665254774,74.10947811275445,74.69156021399715,44919.0,237136.0,0.0,0.0,73.0,55.0,55.0,6.0,0.0,0.0,1.0
456000.0,8.522537967,1.0902143131894136E-6,456000.0,87.74890350877193,75.47816769885584,74.05899124232658,74.63322269092626,45919.0,241320.0,0.0,0.0,75.0,56.0,56.0,6.0,0.0,0.0,1.0
457000.0,8.541852432,1.0932298610252716E-6,457000.0,87.727352297593,75.43448632901773,74.01115806642942,74.5757026291931,46919.0,241416.0,0.0,0.0,75.0,56.0,56.0,6.0,0.0,0.0,1.0
458000.0,8.561150965,1.0962434406387304E-6,458000.0,87.7,75.3793439804112,73.95694162571483,74.50950226244343,47919.0,241520.0,0.0,0.0,75.0,56.0,56.0,6.0,0.0,0.0,1.0
459000.0,8.580488967,1.0992633036351654E-6,459000.0,87.67864923747277,75.33634038640213,73.91362506284625,74.45608234757435,48919.0,241544.0,0.0,0.0,75.0,56.0,56.0,6.0,0.0,0.0,1.0
460000.0,8.600598577,1.1024273853664592E-6,460000.0,87.65391304347825,75.28651289303541,73.86073356745386,74.39495040577097,49919.0,246080.0,0.0,0.0,77.0,57.0,57.0,6.0,0.0,0.0,1.0
461000.0,8.620946282,1.1056501115861862E-6,461000.0,87.6349240780911,75.24800478950935,73.81796636015395,74.34192758502726,50919.0,250080.0,0.0,0.0,79.0,58.0,58.0,6.0,0.0,0.0,1.0
462000.0,8.645203754,1.109820709073477E-6,462000.0,87.6099567099567,75.1975995497504,73.76494690383107,74.27892284395796,51919.0,302432.0,0.0,0.0,99.0,77.0,77.0,6.0,0.0,0.0,1.0
463000.0,8.668373952,1.1139159581158016E-6,463000.0,87.5902807775378,75.15787975378629,73.7222905699899,74.22747926562872,52919.0,320968.0,0.0,0.0,99.0,77.0,77.0,6.0,0.0,0.0,1.0
464000.0,8.689883426,1.1177181253340091E-6,464000.0,87.5730603448276,75.12312464084758,73.68699660026925,74.18195006626787,53919.0,321048.0,0.0,0.0,99.0,77.0,77.0,6.0,0.0,0.0,1.0
465000.0,8.71125026,1.1214952111566559E-6,465000.0,87.55139784946236,75.079664879556,73.6442155778048,74.13135867792232,54919.0,321072.0,0.0,0.0,99.0,77.0,77.0,6.0,0.0,0.0,1.0
466000.0,8.732613968,1.1252742203952865E-6,466000.0,87.5293991416309,75.0354023364074,73.59856073925665,74.0781051363829,55919.0,321520.0,0.0,0.0,99.0,77.0,77.0,6.0,0.0,0.0,1.0
467000.0,8.754187724,1.1290908759976671E-6,467000.0,87.51370449678801,75.00355357225006,73.56732939864553,74.03507053291537,56919.0,321608.0,0.0,0.0,99.0,77.0,77.0,6.0,0.0,0.0,1.0
468000.0,8.775524545,1.1328659240748729E-6,468000.0,87.49529914529914,74.96654658598978,73.5320322923498,73.99010662269609,57919.0,321664.0,0.0,0.0,99.0,77.0,77.0,6.0,0.0,0.0,1.0
469000.0,8.797668477,1.1368010948799794E-6,469000.0,87.4771855010661,74.93003576824002,73.49268173796877,73.94517716055134,58919.0,324664.0,0.0,0.0,101.0,78.0,78.0,6.0,0.0,0.0,1.0
470000.0,8.819959179,1.1407859219453106E-6,470000.0,87.45765957446808,74.89056471673699,73.45177779278974,73.89361523097567,59919.0,328728.0,0.0,0.0,103.0,79.0,79.0,6.0,0.0,0.0,1.0
471000.0,8.841475419,1.144635551978287E-6,471000.0,87.43545647558386,74.84575527030931,73.40687981665805,73.83694455619758,60919.0,329312.0,0.0,0.0,103.0,79.0,79.0,6.0,0.0,0.0,1.0
472000.0,8.862948784,1.1484778664583044E-6,472000.0,87.41504237288136,74.80465116480732,73.36660210194054,73.78862692665793,61919.0,329376.0,0.0,0.0,103.0,79.0,79.0,6.0,0.0,0.0,1.0
473000.0,8.884456243,1.1523262815131447E-6,473000.0,87.39809725158563,74.77035037187106,73.33032066970618,73.74337604672778,62919.0,329376.0,0.0,0.0,103.0,79.0,79.0,6.0,0.0,0.0,1.0
474000.0,8.905965796,1.1561751602883092E-6,474000.0,87.37932489451477,74.73236694450286,73.29184227444817,73.69374598735301,63919.0,329392.0,0.0,0.0,103.0,79.0,79.0,6.0,0.0,0.0,1.0
475000.0,8.927789182,1.1600801957475595E-6,475000.0,87.36547368421053,74.70437615137169,73.26175094675874,73.6576201700443,64919.0,329392.0,0.0,0.0,103.0,79.0,79.0,6.0,0.0,0.0,1.0
476000.0,8.950132349,1.1641021929578726E-6,476000.0,87.34726890756302,74.66767787401297,73.22554258431062,73.61080683182459,65919.0,333512.0,0.0,0.0,105.0,80.0,80.0,7.0,0.0,0.0,1.0
477000.0,8.971727343,1.1679930421786626E-6,477000.0,87.32809224318659,74.62885936347071,73.18549013171028,73.56150902132312,66919.0,334144.0,0.0,0.0,105.0,80.0,80.0,7.0,0.0,0.0,1.0
478000.0,8.993139477,1.1718537809822207E-6,478000.0,87.31066945606695,74.59370456273467,73.14879168455862,73.51807302558908,67919.0,334656.0,0.0,0.0,105.0,80.0,80.0,7.0,0.0,0.0,1.0
479000.0,9.014621255,1.1757284552483338E-6,479000.0,87.29039665970772,74.55287492104196,73.1080818432398,73.46892527335562,68919.0,334904.0,0.0,0.0,105.0,80.0,80.0,7.0,0.0,0.0,1.0
480000.0,9.036115075,1.1796053460170654E-6,480000.0,87.26770833333333,74.50720431635767,73.06297133739714,73.41439011658257,69919.0,334912.0,0.0,0.0,105.0,80.0,80.0,7.0,0.0,0.0,1.0
481000.0,9.057576474,1.1834766554337259E-6,481000.0,87.24948024948024,74.470536611626,73.02385319486781,73.36940238559438,70919.0,334960.0,0.0,0.0,105.0,80.0,80.0,7.0,0.0,0.0,1.0
482000.0,9.07984451,1.1875146233752386E-6,482000.0,87.23547717842324,74.44206891347216,72.99616394104584,73.33000997008973,71919.0,338608.0,0.0,0.0,107.0,81.0,81.0,7.0,0.0,0.0,1.0
483000.0,9.101571061,1.191433312519184E-6,483000.0,87.21697722567288,74.40472645244756,72.96061592092528,73.28400510590424,72919.0,334864.0,0.0,0.0,109.0,82.0,82.0,7.0,0.0,0.0,1.0
484000.0,9.123712563,1.1954720265546397E-6,484000.0,87.19648760330578,74.36345933343989,72.91943434484686,73.23349905190547,73919.0,342720.0,0.0,0.0,109.0,82.0,82.0,7.0,0.0,0.0,1.0
485000.0,9.145392092,1.1994268334881234E-6,485000.0,87.18164948453608,74.33364424199492,72.89091218293369,73.19643188197101,74919.0,342784.0,0.0,0.0,109.0,82.0,82.0,7.0,0.0,0.0,1.0
486000.0,9.167200379,1.2034053091560509E-6,486000.0,87.16769547325103,74.3052594798323,72.86342730583632,73.15752549098939,75919.0,342816.0,0.0,0.0,109.0,82.0,82.0,7.0,0.0,0.0,1.0
487000.0,9.189040513,1.2073900014615926E-6,487000.0,87.15462012320329,74.27889427702054,72.83673469387756,73.12393399237845,76919.0,342888.0,0.0,0.0,109.0,82.0,82.0,7.0,0.0,0.0,1.0
488000.0,9.210830733,1.2113681124907606E-6,488000.0,87.14159836065573,74.25254651779578,72.81121365743749,73.09023385066664,77919.0,343336.0,0.0,0.0,109.0,82.0,82.0,7.0,0.0,0.0,1.0
489000.0,9.232733812,1.2153669181786394E-6,489000.0,87.12556237218814,74.2199967604797,72.77849122033267,73.04619600119878,78919.0,343352.0,0.0,0.0,109.0,82.0,82.0,7.0,0.0,0.0,1.0
490000.0,9.254895196,1.2194129280105149E-6,490000.0,87.10755102040815,74.18352737439685,72.74135505751788,72.99976065512112,79919.0,343360.0,0.0,0.0,109.0,82.0,82.0,7.0,0.0,0.0,1.0
491000.0,9.277019262,1.2234551009111849E-6,491000.0,87.08859470468433,74.14547022831897,72.70421783235452,72.95446691780324,80919.0,343880.0,0.0,0.0,109.0,82.0,82.0,7.0,0.0,0.0,1.0
492000.0,9.299001416,1.2274485076246326E-6,492000.0,87.06951219512196,74.10692258450105,72.66363874649262,72.90625918307376,81919.0,339872.0,0.0,0.0,111.0,83.0,83.0,7.0,0.0,0.0,1.0
493000.0,9.321654716,1.2316099250288223E-6,493000.0,87.0553752535497,74.07802847727865,72.63515831360846,72.86311429749922,82919.0,347704.0,0.0,0.0,111.0,83.0,83.0,7.0,0.0,0.0,1.0
494000.0,9.343542111,1.2356339069510973E-6,494000.0,87.03603238866397,74.03881391069461,72.59496677179304,72.81240978790605,83919.0,348280.0,0.0,0.0,111.0,83.0,83.0,7.0,0.0,0.0,1.0
495000.0,9.365451314,1.239665162984236E-6,495000.0,87.01818181818182,74.00279773366857,72.55300609933198,72.76530097605838,84919.0,348856.0,0.0,0.0,111.0,83.0,83.0,7.0,0.0,0.0,1.0
496000.0,9.387391852,1.2437022300122634E-6,496000.0,87.00201612903226,73.97013239770922,72.51648712363105,72.72081037853208,85919.0,348864.0,0.0,0.0,111.0,83.0,83.0,7.0,0.0,0.0,1.0
497000.0,9.409523202,1.2477744065181784E-6,497000.0,86.98289738430583,73.93170420170887,72.47489788972089,72.67197499313579,86919.0,348864.0,0.0,0.0,111.0,83.0,83.0,7.0,0.0,0.0,1.0
498000.0,9.431398511,1.251799471386315E-6,498000.0,86.96526104417671,73.89620877288206,72.43632750464965,72.62637209714217,87919.0,348864.0,0.0,0.0,111.0,83.0,83.0,7.0,0.0,0.0,1.0
499000.0,9.453310599,1.255831303603922E-6,499000.0,86.94949899799599,73.86427424169115,72.40721830762125,72.58621270290293,88919.0,348864.0,0.0,0.0,111.0,83.0,83.0,7.0,0.0,0.0,1.0
500000.0,9.475236016,1.2598655883624112E-6,500000.0,86.9324,73.82962758223822,72.374106803095,72.54094399172925,89919.0,348864.0,0.0,0.0,111.0,83.0,83.0,7.0,0.0,0.0,1.0
